TITLE="Graphics"
VARIABLES= "x", "T", "Y_H", "Y_H2", "Y_O", "Y_O2", "Y_OH", "Y_H2O", "Y_N2", "Y_HO2", "Y_H2O2", "Y_CO", "Y_CO2", "Y_CH2O", "Y_HCO", "Y_CH3OH", "Y_CH2OH", "Y_CH3O", "Y_CH3O2", "Y_CH4", "Y_CH3", "Y_CH2", "Y_CH2(S)", "Y_C2H6", "Y_C2H5O2", "Y_C2H5", "Y_C2H4", "Y_C2H3", "Y_C2H2", "Y_CH2CHO", "Y_CH2CO", "Y_HCCO", "Y_NC3H7", "Y_C3H6", "Y_C3H5-A", "Y_C3H5O", "Y_C3H4-A", "Y_NC3H7O2", "Y_C2H3CHO", "Y_NC7H16", "Y_C7H15", "Y_C7H15O2", "Y_C7H14OOH", "Y_C7H14", "Y_C7H14OOHO2", "Y_NC7KET", "Y_C7H14O", "Y_NC3H7CHO", "Y_NC3H7CO"
-0.530105  500 0 0 0 0.218435 0 0 0.719386 0 0 0 0 0 0 0 0 0 0 0 0 0 0 0 0 0 0 0 0 0 0 0 0 0 0 0 0 0 0 0.0621786 0 0 0 0 0 0 0 0 0
-0.423318  500 0 0 0 0.218435 3.38813e-21 1.88041e-19 0.719386 4.61582e-17 1.86347e-20 0 0 0 0 0 0 0 0 0 0 0 0 0 0 0 0 0 0 0 0 0 0 0 0 0 0 0 0 0.0621786 -3.38813e-21 1.63684e-16 3.38813e-21 1.69407e-21 2.46724e-17 1.65171e-18 0 0 0
-0.352127  500 0 1.42302e-19 0 0.218435 1.69407e-21 7.09814e-19 0.719386 4.83232e-17 2.5411e-20 0 0 0 0 0 0 0 0 0 0 0 0 0 0 0 0 0 0 0 0 0 0 0 0 0 0 0 0 0.0621786 5.0822e-21 1.699e-16 0 3.38813e-21 2.61818e-17 2.81723e-18 0 0 0
-0.304666  500 0 3.0666e-17 0 0.218435 6.77626e-21 3.51625e-16 0.719386 3.83701e-16 4.77049e-18 0 0 0 0 0 0 0 8.47033e-21 0 0 0 0 0 0 0 0 0 0 0 8.47033e-21 0 0 0 0 0 0 0 0 0.0621786 5.0822e-21 8.51866e-16 1.69407e-20 7.67412e-19 8.80059e-16 2.8389e-15 2.0837e-19 1.35525e-20 0
-0.257205  500 0 7.20656e-17 0 0.218435 1.01644e-20 7.63898e-16 0.719386 7.77224e-16 1.03524e-17 0 0 0 0 0 0 0 1.86347e-20 0 0 0 0 0 0 0 0 0 0 0 1.69407e-20 0 0 0 0 0 0 0 0 0.0621786 -1.69407e-21 1.65155e-15 2.20229e-20 1.64663e-18 1.88157e-15 6.16631e-15 4.50622e-19 2.71051e-20 0
-0.193924  500 0 1.75532e-15 0 0.218435 2.20229e-20 1.66281e-15 0.719386 1.305e-15 2.19754e-17 0 0 0 0 0 0 0 4.40457e-20 0 0 0 0 0 0 0 0 0 0 0 3.89635e-20 0 0 0 0 0 0 0 0 0.0621786 0 2.67912e-15 3.55754e-20 3.43048e-18 3.31826e-15 1.34382e-14 9.2496e-19 6.77626e-20 0
-0.151736  500 0 2.86435e-14 0 0.218435 2.87991e-20 2.43581e-15 0.719386 1.65516e-15 3.17722e-17 3.38813e-21 0 0 0 0 0 0 6.94567e-20 0 0 0 0 0 0 0 0 0 0 0 6.26804e-20 0 0 0 0 0 0 0 0 0.0621786 6.77626e-21 3.35741e-15 4.40457e-20 4.91279e-18 4.29453e-15 1.96938e-14 1.33154e-18 1.06726e-19 0
-0.123611  500 0 3.17999e-13 0 0.218435 3.38813e-20 3.03545e-15 0.719386 1.88777e-15 3.9243e-17 1.55854e-19 8.47033e-21 0 0 0 0 0 8.97855e-20 8.47033e-21 0 0 0 0 0 0 1.86347e-20 0 0 0 8.13152e-20 0 0 0 0 0 0 0 0 0.0621786 3.38813e-21 3.80968e-15 5.42101e-20 6.03257e-18 4.94974e-15 2.44993e-14 1.63647e-18 1.38913e-19 0
-0.104861  500 0 2.44536e-12 0 0.218435 3.38813e-20 3.59803e-15 0.719386 2.04253e-15 4.51231e-17 3.80487e-18 2.65968e-19 1.52466e-20 0 0 0 0 1.06726e-19 1.67713e-19 0 0 0 0 0 0 4.7095e-19 0 5.0822e-21 0 9.48677e-20 0 0 3.38813e-21 0 0 0 0 0 0.0621786 1.69407e-21 4.11149e-15 5.42101e-20 6.84233e-18 5.38791e-15 2.79869e-14 1.85331e-18 1.6263e-19 0
-0.0861111  500 0 2.23627e-11 0 0.218435 3.89635e-20 7.63872e-15 0.719386 2.19882e-15 6.73798e-17 1.21673e-16 1.06946e-17 5.09914e-19 0 3.04932e-20 0 0 1.32137e-19 4.82639e-18 0 0 0 2.03288e-20 0 0 1.57294e-17 0 1.82959e-19 0 1.33831e-19 0 0 1.23667e-19 0 0 1.69407e-21 0 1.69407e-21 0.0621786 0 4.4139e-15 6.60686e-20 7.708e-18 5.82724e-15 3.1759e-14 2.08709e-18 1.91429e-19 0
-0.0611111  500 0 3.09241e-10 0 0.218435 3.89635e-20 1.59493e-13 0.719386 2.50341e-15 9.08817e-16 6.05534e-15 6.76857e-16 3.0788e-17 0 1.64663e-18 0 0 6.09864e-19 2.17969e-16 0 0 0 1.24344e-18 6.77626e-21 0 8.32332e-16 0 1.00746e-17 0 1.58056e-18 0 0 8.5652e-18 1.52466e-20 0 1.10114e-19 0 8.63974e-20 0.0621786 1.69407e-21 4.81929e-15 7.28448e-20 8.97177e-18 6.4156e-15 3.72938e-14 2.42929e-18 2.37169e-19 0
-0.0527778  500 0 1.00147e-09 0 0.218435 3.89635e-20 1.18011e-12 0.719386 3.36872e-15 7.60578e-15 5.35328e-14 7.40835e-15 3.28444e-16 0 1.78741e-17 0 0 5.53621e-18 1.77226e-15 0 0 0 1.44707e-17 8.47033e-20 0 7.7684e-15 0 9.87132e-17 0 1.793e-17 0 0 1.04456e-16 1.71101e-19 0 1.29427e-18 0 1.30782e-18 0.0621786 5.0822e-21 4.9583e-15 6.60686e-20 9.57655e-18 6.61363e-15 3.91963e-14 2.55635e-18 2.86297e-19 0
-0.0444444  500 0 4.21749e-09 0 0.218435 4.06576e-20 1.3714e-11 0.719386 1.49713e-14 1.05006e-13 7.41255e-13 1.29827e-13 5.59693e-15 0 3.10776e-16 0 0 1.01702e-16 2.23472e-14 0 0 0 2.7037e-16 2.05829e-18 0 1.14248e-13 0 1.53264e-15 1.52466e-20 3.53773e-16 0 0 2.05975e-15 3.41524e-18 0 2.62987e-17 1.01644e-20 3.48266e-17 0.0621786 8.47033e-21 5.14901e-15 7.28448e-20 1.64443e-17 6.8341e-15 4.11637e-14 2.95445e-18 1.36203e-18 0
-0.0388889  500 0 1.24253e-08 0 0.218435 4.91279e-20 9.4418e-11 0.719386 1.02125e-13 8.4441e-13 5.93964e-12 1.28553e-12 5.40323e-14 0 3.05514e-15 0 0 1.07649e-15 1.64814e-13 3.38813e-21 0 0 2.83853e-15 2.72016e-17 0 9.66012e-13 0 1.36051e-14 3.67612e-19 3.92828e-15 0 0 2.27115e-14 3.82605e-17 0 2.99181e-16 1.20279e-19 5.08494e-16 0.0621786 1.69407e-21 5.57647e-15 7.96211e-20 1.43481e-16 7.08902e-15 4.25397e-14 8.81761e-18 1.72473e-17 0
-0.0333333  500 0 4.02977e-08 0 0.218435 5.0822e-20 7.7839e-10 0.719386 9.67046e-13 8.22714e-12 5.76184e-11 1.5623e-11 6.39229e-13 0 3.68455e-14 0 0 1.4058e-14 1.46275e-12 0 0 0 3.67009e-14 4.48968e-16 1.69407e-21 9.92502e-12 0 1.47223e-13 1.0056e-17 5.39053e-14 0 0 3.09246e-13 5.30287e-16 0 4.21069e-15 2.25311e-18 9.2956e-15 0.0621786 1.52466e-20 9.07187e-15 1.23667e-19 3.42692e-15 8.44539e-15 4.44331e-14 1.6747e-16 3.30367e-16 0
-0.0277778  500 -1.69407e-21 1.31374e-07 0 0.218435 1.66018e-19 6.21059e-09 0.719386 8.98927e-12 7.70887e-11 5.37585e-10 1.81188e-10 7.22313e-12 0 4.2416e-13 0 0 1.74811e-13 1.25279e-11 3.38813e-21 0 0 4.51937e-13 7.00698e-15 1.69407e-21 9.78724e-11 0 1.52628e-12 2.54645e-16 7.03221e-13 0 0 4.00391e-12 6.9853e-15 0 5.6295e-14 4.14148e-17 1.60263e-13 0.0621786 8.97855e-20 4.24566e-14 5.98005e-19 8.19679e-14 2.05977e-14 5.38595e-14 4.18498e-15 6.04539e-15 0
-0.025  500 -1.69407e-21 2.4585e-07 0 0.218435 6.23416e-19 2.06885e-08 0.719386 3.35392e-11 2.88881e-10 2.00813e-09 7.98967e-10 3.12131e-11 1.69407e-21 1.8596e-12 0 0 8.14208e-13 4.39325e-11 5.0822e-21 0 0 2.08882e-12 3.91973e-14 1.69407e-21 3.81091e-10 0 6.17273e-12 2.22984e-15 3.40246e-12 0 -3.38813e-21 1.92561e-11 3.40576e-14 1.69407e-21 2.77771e-13 2.66092e-16 9.73839e-13 0.0621786 3.26955e-19 1.37795e-13 1.94479e-18 6.6073e-13 5.41716e-14 1.01991e-13 3.54601e-14 3.86437e-14 0
-0.0222222  500 -3.38813e-21 4.8877e-07 0 0.218435 4.92126e-18 8.44075e-08 0.719386 1.5752e-10 1.36439e-09 9.44677e-09 4.60648e-09 1.75586e-10 1.69407e-21 1.06466e-11 0 1.18585e-20 5.01596e-12 1.91094e-10 2.37169e-20 0 0 1.27494e-11 3.00504e-13 -3.38813e-21 1.88696e-09 1.69407e-21 3.20235e-11 2.05576e-14 2.19454e-11 0 0 1.23303e-10 2.21673e-13 9.65618e-20 1.83428e-12 2.39944e-15 8.22997e-12 0.0621786 1.69745e-18 8.75978e-13 1.23785e-17 7.73283e-12 3.65334e-13 7.15841e-13 4.39359e-13 3.4648e-13 0
-0.0194444  500.002 -3.38813e-21 9.91929e-07 1.69407e-21 0.218435 4.31902e-17 3.41374e-07 0.719385 7.24514e-10 6.31022e-09 4.35316e-08 2.5541e-08 9.52057e-10 3.38813e-21 5.86563e-11 1.69407e-21 4.21822e-19 2.95317e-11 8.19688e-10 1.52466e-19 0 0 7.44401e-11 2.15654e-12 5.0822e-21 9.11084e-09 1.69407e-21 1.61334e-10 1.63139e-13 1.34705e-10 0 1.69407e-21 7.51904e-10 1.37139e-12 2.84434e-18 1.15021e-11 1.99608e-14 6.45631e-11 0.0621787 9.36649e-18 7.11953e-12 1.00592e-16 8.17142e-11 3.5251e-12 7.77795e-12 4.89361e-12 2.86857e-12 0
-0.0166667  500.008 1.69407e-20 1.99841e-06 2.87991e-20 0.218434 3.18074e-16 1.22898e-06 0.719384 2.8901e-09 2.53081e-08 1.74082e-07 1.18515e-07 4.33904e-09 6.77626e-21 2.70789e-10 -3.38813e-21 9.79848e-18 1.43806e-10 3.0945e-09 8.87691e-19 0 0 3.60122e-10 1.23201e-11 1.52466e-20 3.7824e-08 0 6.93319e-10 1.03054e-12 6.7857e-10 1.69407e-21 -3.38813e-21 3.76758e-09 6.94285e-12 5.92974e-17 5.89534e-11 1.2883e-13 3.97402e-10 0.0621789 4.85773e-17 5.15286e-11 7.28189e-16 6.45348e-10 2.89597e-11 6.67998e-11 4.04189e-11 1.84616e-11 0
-0.0152778  500.015 6.09864e-20 2.85516e-06 1.15196e-19 0.218433 7.53497e-16 2.25343e-06 0.719382 5.49441e-09 4.8313e-08 3.32038e-07 2.3794e-07 8.65999e-09 6.77626e-21 5.42821e-10 -1.69407e-21 4.22127e-17 2.93202e-10 5.77895e-09 2.23617e-18 0 0 7.32923e-10 2.62754e-11 3.55754e-20 7.30961e-08 0 1.35862e-09 2.54366e-12 1.39898e-09 1.69407e-21 3.38813e-21 7.75406e-09 1.4272e-11 2.40667e-16 1.22211e-10 2.84619e-13 8.69443e-10 0.062179 1.03773e-16 1.17584e-10 1.66208e-15 1.50798e-09 6.54668e-11 1.58036e-10 9.55054e-11 4.08978e-11 -1.69407e-21
-0.0138889  500.031 2.82909e-19 4.16902e-06 6.21722e-19 0.218431 2.24509e-15 4.46144e-06 0.71938 1.14392e-08 1.01346e-07 6.95993e-07 5.39243e-07 1.94445e-08 2.37169e-20 1.22762e-09 -1.69407e-21 2.35716e-16 6.81312e-10 1.17468e-08 7.61144e-18 0 0 1.69783e-09 6.56672e-11 1.06726e-19 1.56151e-07 1.69407e-20 2.97461e-09 7.53677e-12 3.31035e-09 1.69407e-21 0 1.82938e-08 3.34637e-11 1.25085e-15 2.91885e-10 7.58716e-13 2.2807e-09 0.0621792 2.6805e-16 3.46367e-10 4.89881e-15 4.4864e-09 1.90631e-10 4.86515e-10 2.90592e-10 1.09816e-10 -3.38813e-21
-0.0125  500.07 1.56871e-18 6.21424e-06 3.74389e-18 0.218426 7.70455e-15 9.29524e-06 0.719375 2.52237e-08 2.25977e-07 1.5532e-06 1.32047e-06 4.70867e-08 1.59242e-19 3.00214e-09 1.69407e-21 1.52279e-15 1.7221e-09 2.52673e-08 3.46538e-17 -3.38813e-21 -1.69407e-21 4.27134e-09 1.80077e-10 3.43895e-19 3.55832e-07 9.14796e-20 7.05919e-09 2.41703e-11 8.54947e-09 -1.69407e-21 6.77626e-21 4.70597e-08 8.45157e-11 7.46603e-15 7.63035e-10 2.26136e-12 6.69209e-09 0.0621796 8.0329e-16 1.20638e-09 1.70856e-14 1.54117e-08 6.57761e-10 1.75547e-09 1.02666e-09 3.32333e-10 6.77626e-21
-0.0111111  500.163 9.37157e-18 9.4585e-06 2.37356e-17 0.218416 2.82723e-14 1.99237e-05 0.719366 5.71972e-08 5.19117e-07 3.5888e-06 3.35006e-06 1.18117e-07 9.85946e-19 7.6328e-09 8.47033e-21 1.03184e-14 4.53657e-09 5.60937e-08 1.91026e-16 3.38813e-21 0 1.11569e-08 5.08399e-10 1.30951e-18 8.36219e-07 5.96311e-19 1.78093e-08 7.92223e-11 2.29555e-08 1.52466e-20 1.69407e-20 1.25742e-07 2.16848e-10 4.67041e-14 2.07942e-09 7.0101e-12 2.05158e-08 0.0621802 2.65581e-15 4.49352e-09 6.38446e-14 5.56229e-08 2.41698e-09 6.68363e-09 3.81309e-09 1.05804e-09 6.09864e-20
-0.00972222  500.382 5.83995e-17 1.47251e-05 1.56084e-16 0.218391 1.09302e-13 4.34427e-05 0.719348 1.31902e-07 1.20574e-06 8.48582e-06 8.59427e-06 2.99936e-07 6.32395e-18 1.98017e-08 5.75982e-20 7.01883e-14 1.22427e-08 1.2692e-07 1.16509e-15 3.38813e-21 1.69407e-21 2.95342e-08 1.43781e-09 6.27821e-18 1.98587e-06 3.77438e-18 4.81833e-08 2.65035e-10 6.23489e-08 1.21973e-19 6.09864e-20 3.39523e-07 5.44482e-10 2.92635e-13 5.76529e-09 2.19916e-11 6.33278e-08 0.0621811 9.54071e-15 1.70657e-08 2.44335e-13 2.02156e-07 9.00515e-09 2.57003e-08 1.42627e-08 3.4431e-09 8.21622e-19
-0.00833333  500.912 3.89761e-16 2.35008e-05 1.19951e-15 0.218331 4.59725e-13 9.669e-05 0.719312 3.14337e-07 2.81914e-06 2.07139e-05 2.21532e-05 7.67121e-07 4.24584e-17 5.26644e-08 6.74238e-19 4.89658e-13 3.43274e-08 2.93336e-07 7.8279e-15 0 0 7.90975e-08 4.18488e-09 3.85603e-17 4.74049e-06 2.49536e-17 1.44299e-07 9.61022e-10 1.6984e-07 1.33154e-18 3.26955e-19 9.19469e-07 1.32986e-09 1.85714e-12 1.62567e-08 7.13423e-11 1.9346e-07 0.0621823 3.82393e-14 6.49643e-08 9.47241e-13 7.26573e-07 3.32262e-08 9.79112e-08 5.27604e-08 1.14801e-08 1.16416e-17
-0.00694444  502.255 3.08785e-15 3.85136e-05 1.46372e-14 0.218182 2.34469e-12 0.000224254 0.719231 8.1422e-07 6.72542e-06 5.38613e-05 5.82455e-05 2.00931e-06 3.43404e-16 1.48279e-07 9.25638e-18 4.05512e-12 1.05378e-07 7.05333e-07 6.6746e-14 6.77626e-21 5.0822e-21 2.20371e-07 1.41294e-08 3.25445e-16 1.15258e-05 1.9681e-16 4.91409e-07 4.22436e-09 4.69034e-07 1.87313e-17 3.63885e-18 2.53795e-06 3.37536e-09 1.34079e-11 4.78972e-08 2.6138e-10 5.83525e-07 0.0621826 1.89713e-13 2.5453e-07 3.88633e-12 2.59064e-06 1.21612e-07 3.7066e-07 1.93942e-07 4.04174e-08 2.05411e-16
-0.00555556  506.042 3.37143e-14 6.4784e-05 3.20456e-13 0.217762 1.77636e-11 0.000561728 0.719032 2.45593e-06 1.70033e-05 0.000156089 0.000163837 5.65207e-06 4.46459e-15 4.68301e-07 2.00599e-16 5.07298e-11 3.82032e-07 1.82386e-06 9.00813e-13 4.01494e-19 -1.69407e-21 6.83437e-07 6.52982e-08 4.33253e-15 2.96984e-05 2.46177e-15 1.88686e-06 2.37315e-08 1.36817e-06 4.21939e-16 9.3138e-17 7.53867e-06 1.0813e-08 1.35638e-10 1.56631e-07 1.23926e-09 1.78358e-06 0.0621752 1.43531e-12 1.14183e-06 1.9762e-11 9.57896e-06 4.56507e-07 1.44613e-06 7.43323e-07 1.58584e-07 5.5506e-15
-0.00416667  518.403 5.48234e-13 0.000111357 1.00418e-11 0.216397 2.337e-10 0.00156646 0.718486 8.90932e-06 4.80717e-05 0.000516703 0.000531745 1.8264e-05 1.2033e-13 1.73767e-06 8.48475e-15 9.41316e-10 1.68432e-06 5.23583e-06 1.98263e-11 4.75033e-17 0 2.54519e-06 4.18013e-07 9.64646e-14 8.61391e-05 6.32386e-14 7.83612e-06 1.56541e-07 4.54977e-06 2.01899e-14 5.64324e-15 2.63116e-05 5.17957e-08 1.87261e-09 6.09069e-07 8.19023e-09 6.06992e-06 0.0621098 2.01076e-11 6.93031e-06 1.76114e-10 4.2634e-05 1.98429e-06 6.68517e-06 3.48018e-06 7.35632e-07 2.63473e-13
-0.00277778  563.307 1.32526e-11 0.000192968 4.20676e-10 0.211452 4.78756e-09 0.00478177 0.716928 3.8231e-05 0.000153917 0.00188411 0.00204994 6.84387e-05 7.53145e-12 7.33303e-06 5.97773e-13 1.78589e-08 8.40905e-06 1.65706e-05 6.2056e-10 9.4853e-15 1.76691e-18 1.11991e-05 3.47032e-06 4.07309e-12 0.000288048 4.26874e-12 3.32276e-05 1.08203e-06 1.81067e-05 2.29575e-12 7.64346e-13 0.000111185 3.57513e-07 2.0114e-08 2.79637e-06 7.48007e-08 2.62442e-05 0.0615211 5.4565e-10 5.3658e-05 4.44655e-09 0.000266763 1.0549e-05 4.31524e-05 2.31919e-05 4.04955e-06 1.43896e-11
-0.00138889  720.314 1.09537e-09 0.00032597 2.86645e-08 0.194083 2.06684e-07 0.0144974 0.713315 0.000195122 0.000499605 0.00680811 0.00841942 0.000256978 1.35984e-09 3.08527e-05 6.70385e-11 2.10444e-07 3.991e-05 5.32653e-05 5.01041e-08 5.03017e-12 1.92796e-14 5.03363e-05 3.75396e-05 1.31894e-08 0.00101592 1.07367e-09 0.000132021 7.49311e-06 7.84037e-05 1.10109e-09 6.26619e-10 0.00050097 3.89218e-06 4.92749e-08 1.32446e-05 9.02063e-07 0.000134595 0.0565564 1.89242e-07 0.000373606 4.32274e-07 0.00201128 2.34845e-05 0.000325367 0.000185144 2.35716e-05 6.05861e-10
0  1153.37 4.31092e-07 0.000514782 3.61444e-06 0.145342 2.10132e-05 0.0381386 0.711688 0.00108101 0.00128193 0.0214066 0.0307139 0.000717254 8.41376e-07 0.000110704 1.86434e-08 1.3364e-06 1.99686e-05 0.00015324 2.18486e-05 1.07045e-08 6.55327e-10 0.000194919 0.000121959 0.000104485 0.00322312 1.10732e-06 0.000443412 5.99805e-05 0.000300965 8.63655e-07 1.80645e-06 0.00197889 7.38716e-05 8.0313e-08 5.39575e-05 1.49318e-06 0.000572922 0.0267699 0.000315095 9.16373e-05 2.54301e-06 0.0131118 8.32451e-08 7.83116e-06 0.00124034 0.000109498 2.75058e-08
0.00138889  1928.07 6.29102e-05 0.000651982 0.000457843 0.0503818 0.00186434 0.0768493 0.720859 0.000194339 1.25047e-05 0.052153 0.0905622 0.000246898 1.846e-05 0.000118281 5.51493e-06 1.21714e-07 1.43428e-07 0.00011474 0.000138686 1.4444e-05 1.27371e-06 8.27864e-06 1.4339e-06 2.00719e-05 0.000772584 3.57678e-05 0.0013625 5.38624e-06 0.000178585 8.80683e-05 5.08508e-06 0.000156554 9.58753e-05 2.94584e-09 0.000132717 3.97151e-09 0.000141595 9.43516e-05 6.99093e-06 2.6227e-09 5.03761e-10 0.00210295 3.18622e-13 4.81427e-09 8.17892e-05 1.73428e-06 2.18984e-08
0.00277778  2155.09 7.48332e-05 0.000473273 0.000812354 0.024083 0.003711 0.0822549 0.720411 3.68133e-05 5.20887e-06 0.0377058 0.12995 2.03277e-05 2.05788e-06 6.31951e-06 1.06888e-06 5.25039e-09 2.07408e-09 5.89497e-06 1.01469e-05 4.97031e-06 3.21156e-07 1.00401e-07 2.93401e-08 6.6754e-07 2.57949e-05 2.47305e-06 0.000145751 1.52333e-07 1.58041e-05 1.22924e-05 6.68381e-08 3.00723e-06 8.37005e-06 4.36297e-11 1.84764e-05 1.01452e-11 6.34557e-06 9.97815e-08 6.90692e-09 6.80238e-13 2.19304e-13 0.00018778 1.90921e-18 2.71388e-12 3.03496e-06 1.57881e-08 1.17878e-09
0.00416667  2248.85 5.5161e-05 0.000396014 0.000640121 0.0164167 0.0037087 0.0838376 0.719783 1.66069e-05 3.32329e-06 0.0283595 0.146739 1.77304e-06 3.03799e-07 4.00278e-07 9.57583e-08 3.92853e-10 8.42372e-11 3.76152e-07 8.23088e-07 5.82054e-07 3.35749e-08 2.91579e-09 7.70069e-10 4.64529e-08 1.40597e-06 1.54764e-07 1.53798e-05 5.66965e-09 1.64693e-06 1.23123e-06 1.26969e-09 1.29345e-07 7.86549e-07 1.63651e-12 2.59198e-06 9.55805e-14 1.347e-07 6.62669e-11 4.27511e-12 7.86253e-15 4.62865e-15 1.666e-05 1.18585e-20 1.54387e-15 1.14941e-07 1.51484e-10 4.06364e-11
0.00555556  2300.41 4.03248e-05 0.000345431 0.00047318 0.0129403 0.00337525 0.0849555 0.719446 1.04022e-05 2.19818e-06 0.023554 0.154852 1.90428e-07 1.17723e-07 3.42192e-08 9.29295e-09 3.64805e-11 5.7426e-12 3.50816e-08 8.32254e-08 6.36527e-08 3.52053e-09 1.82462e-10 2.33139e-11 3.86053e-09 1.23793e-07 1.23072e-08 1.90881e-06 3.48584e-10 2.11308e-07 1.3873e-07 4.5955e-11 9.13638e-09 7.88465e-08 9.70477e-14 3.91418e-07 2.32008e-15 1.91461e-09 3.41182e-14 4.53386e-14 4.51508e-16 2.35067e-16 1.59878e-06 0 1.0283e-18 4.80501e-09 1.65487e-12 1.48532e-12
0.00694444  2332.83 3.09453e-05 0.000308778 0.000362569 0.0108751 0.00305472 0.0858001 0.719254 7.47021e-06 1.57075e-06 0.0207459 0.159558 2.47799e-08 7.13541e-08 3.69591e-09 1.05941e-09 4.06634e-12 5.31023e-13 4.32034e-09 1.00621e-08 7.68989e-09 4.17204e-10 1.51566e-11 7.7968e-13 3.57107e-10 1.35849e-08 1.16468e-09 2.7095e-07 2.88402e-11 3.09421e-08 1.79639e-08 1.93998e-12 7.94297e-10 8.28269e-09 7.1816e-15 6.16842e-08 7.46778e-17 2.20508e-11 1.96291e-17 3.13921e-15 3.31054e-17 1.43674e-17 1.66924e-07 -3.38813e-21 5.0822e-21 2.2196e-10 2.11973e-14 6.07627e-14
0.00833333  2355.04 2.49453e-05 0.000281972 0.00029027 0.00946417 0.00279409 0.0864377 0.719128 5.81107e-06 1.19901e-06 0.0188997 0.162672 4.11839e-09 5.04675e-08 4.72542e-10 1.38953e-10 5.26731e-13 6.01944e-14 6.3282e-10 1.39559e-09 1.04485e-09 5.60119e-11 1.44853e-12 2.85379e-14 3.63217e-11 1.66614e-09 1.24333e-10 4.23601e-08 2.86978e-12 4.93779e-09 2.59285e-09 9.05631e-14 7.83922e-11 9.17002e-10 6.12788e-16 1.00631e-08 2.84095e-18 2.8398e-13 3.59142e-19 2.66029e-16 2.85789e-18 1.06557e-18 1.87898e-08 -3.38813e-21 -5.0822e-21 1.11913e-11 3.48496e-16 2.76405e-15
0.00972222  2371.16 2.09408e-05 0.000262174 0.000241218 0.00842148 0.00258743 0.0869276 0.719036 4.76924e-06 9.62749e-07 0.0175921 0.164905 1.13141e-09 3.86289e-08 6.84601e-11 2.04025e-11 7.78587e-14 7.9058e-15 1.03885e-10 2.15403e-10 1.5715e-10 8.35148e-12 1.53031e-13 1.17393e-15 4.00696e-12 2.2097e-10 1.46061e-11 7.12389e-09 3.27726e-13 8.39484e-10 4.07071e-10 4.62334e-15 8.52514e-12 1.07295e-10 5.84944e-17 1.69951e-09 1.23667e-19 9.09018e-15 3.21873e-20 2.56566e-17 2.77827e-19 9.48677e-20 2.25602e-09 1.69407e-21 5.0822e-21 6.07953e-13 8.81761e-18 1.37721e-16
0.0111111  2383.39 1.81501e-05 0.000247341 0.00020652 0.00761224 0.00242259 0.0873134 0.718966 4.06542e-06 8.03302e-07 0.0166237 0.166585 6.15587e-10 3.11882e-08 1.092e-11 3.29109e-12 1.35105e-14 1.16153e-15 1.85147e-11 3.6197e-11 2.56852e-11 1.35608e-12 1.75053e-14 5.83911e-17 4.73414e-13 3.13072e-11 1.86326e-12 1.27095e-09 4.19082e-14 1.50294e-10 6.84237e-11 2.56009e-16 1.00337e-12 1.32481e-11 6.12744e-18 2.97328e-10 5.0822e-21 7.11033e-16 1.69407e-21 2.72914e-18 3.21873e-20 6.77626e-21 2.86178e-10 5.0822e-21 6.77626e-21 3.51873e-14 3.98105e-19 7.40815e-18
0.0125  2392.94 1.61307e-05 0.000236063 0.00018105 0.0069631 0.00228935 0.0876243 0.718909 3.56293e-06 6.9035e-07 0.0158862 0.16789 4.92169e-10 2.62036e-08 1.88156e-12 5.8308e-13 3.20826e-15 1.86554e-16 3.51725e-12 6.52037e-12 4.49566e-12 2.36192e-13 2.1374e-15 3.854e-18 5.92719e-14 4.70844e-12 2.55864e-13 2.38413e-10 5.9042e-15 2.81434e-11 1.21844e-11 1.53279e-17 1.26167e-13 1.72024e-12 6.91179e-19 5.38776e-11 -1.69407e-21 7.25416e-17 3.38813e-21 3.13402e-19 5.0822e-21 -1.69407e-21 3.80489e-11 1.69407e-21 -1.69407e-21 2.15003e-15 2.71051e-20 4.25211e-19
0.0138889  2400.6 1.46228e-05 0.000227371 0.000161768 0.00643025 0.00218013 0.0878794 0.718864 3.18847e-06 6.07187e-07 0.0153139 0.168925 4.4324e-10 2.27049e-08 3.46294e-13 1.19752e-13 1.3244e-15 3.22855e-17 7.04938e-13 1.24706e-12 8.33691e-13 4.36476e-14 2.75599e-16 3.42201e-19 7.79687e-15 7.4847e-13 3.75864e-14 4.67282e-11 9.05261e-16 5.48675e-12 2.2812e-12 9.99499e-19 1.679e-14 2.34016e-13 8.30092e-20 1.01037e-11 0 8.20436e-18 -1.69407e-21 4.06576e-20 1.69407e-21 1.69407e-21 5.26765e-12 0 3.38813e-21 1.37699e-16 -1.69407e-21 2.87991e-20
0.0152778  2406.84 1.34671e-05 0.000220586 0.0001468 0.0059858 0.00208947 0.0880913 0.718827 2.89994e-06 5.44048e-07 0.0148633 0.169758 4.13985e-10 2.01575e-08 6.81467e-14 3.423e-14 8.88704e-16 6.00716e-18 1.4901e-13 2.53382e-13 1.62684e-13 8.50284e-15 3.72203e-17 3.55754e-20 1.07018e-15 1.25341e-13 5.87936e-15 9.52258e-12 1.4955e-16 1.10969e-12 4.4642e-13 6.94567e-20 2.34863e-15 3.32419e-14 1.18585e-20 1.95843e-12 0 9.99499e-19 -1.69407e-21 8.47033e-21 1.69407e-21 -3.38813e-21 7.55293e-13 1.69407e-21 3.38813e-21 9.14626e-18 1.18585e-20 -1.69407e-21
0.0166667  2412.01 1.25616e-05 0.000215217 0.000134944 0.0056111 0.00201343 0.0882683 0.718798 2.67185e-06 4.94932e-07 0.0145038 0.170439 3.92947e-10 1.82458e-08 1.48808e-14 1.67377e-14 7.37046e-16 1.23836e-18 3.41103e-14 5.64041e-14 3.34036e-14 1.75075e-15 5.23128e-18 5.0822e-21 1.52415e-16 2.20488e-14 9.75697e-16 2.0096e-12 2.63919e-17 2.3212e-13 9.08808e-14 3.38813e-21 3.43719e-16 4.91863e-15 0 3.91771e-13 -1.69407e-21 1.32137e-19 0 1.69407e-21 1.69407e-21 1.69407e-21 1.11657e-13 -5.0822e-21 -3.38813e-21 6.6238e-19 -1.86347e-20 1.69407e-21
0.0180556  2416.33 1.18385e-05 0.000210898 0.000125404 0.0052933 0.00194916 0.0884162 0.718777 2.48802e-06 4.55991e-07 0.0142125 0.171001 3.76717e-10 1.67731e-08 4.13323e-15 1.23685e-14 6.55668e-16 3.15096e-19 9.38973e-15 1.54576e-14 7.37539e-15 3.93814e-16 7.58942e-19 0 2.24244e-17 4.06303e-15 1.71219e-16 4.37641e-13 4.9399e-18 5.00879e-14 1.91698e-14 1.69407e-21 5.24601e-17 7.56959e-16 3.38813e-21 8.07476e-14 0 1.86347e-20 -1.69407e-21 -1.69407e-21 -3.38813e-21 1.69407e-21 1.69544e-14 0 0 4.23516e-20 1.69407e-21 3.38813e-21
0.0194444  2419.96 1.12512e-05 0.000207351 0.000117637 0.00502329 0.00189455 0.0885389 0.718762 2.33785e-06 4.24667e-07 0.013972 0.17147 3.6371e-10 1.56118e-08 1.82505e-15 1.07838e-14 5.99469e-16 1.21973e-19 3.84138e-15 6.4626e-15 1.91973e-15 1.09435e-16 1.13502e-19 1.69407e-21 3.39321e-18 7.82118e-16 3.16638e-17 9.80339e-14 9.75782e-19 1.11312e-14 4.17644e-15 -1.69407e-21 8.35513e-18 1.21112e-16 1.69407e-21 1.71159e-14 3.38813e-21 0 0 0 1.69407e-21 1.69407e-21 2.63532e-15 0 0 8.47033e-21 -1.52466e-20 3.38813e-21
0.0208333  2423.04 1.07669e-05 0.000204354 0.000111261 0.00479446 0.00184805 0.0886394 0.718753 2.21417e-06 3.99207e-07 0.0137684 0.171867 3.52927e-10 1.46753e-08 1.27152e-15 9.90377e-15 5.56221e-16 7.96211e-20 2.51601e-15 4.29302e-15 7.28242e-16 4.70781e-17 5.86147e-19 0 5.5396e-19 1.56835e-16 6.15962e-18 2.2517e-14 2.04982e-19 2.55193e-15 9.38545e-16 -3.38813e-21 1.38913e-18 2.01509e-17 3.38813e-21 3.72358e-15 1.69407e-21 -3.38813e-21 -3.38813e-21 0 -1.69407e-21 0 4.18153e-16 -1.69407e-21 3.38813e-21 -3.38813e-21 0 1.69407e-21
0.0222222  2425.66 1.03618e-05 0.000201729 0.000106005 0.00460193 0.00180848 0.0887199 0.718751 2.11202e-06 3.78378e-07 0.0135906 0.172208 3.43646e-10 1.39034e-08 1.10182e-15 9.26555e-15 5.21139e-16 6.09864e-20 2.15196e-15 3.64586e-15 4.52593e-16 3.23888e-17 -7.64024e-19 -1.69407e-21 4.40457e-20 3.1452e-17 1.21465e-18 5.28516e-15 4.06576e-20 6.12222e-16 2.1856e-16 -1.69407e-21 2.38863e-19 3.48978e-18 -3.38813e-21 8.29513e-16 3.38813e-21 3.38813e-21 5.0822e-21 0 0 -1.69407e-21 6.75424e-17 -1.69407e-21 -5.0822e-21 1.18585e-20 1.69407e-21 -3.38813e-21
0.0236111  2427.88 1.00179e-05 0.000199335 0.000101669 0.00444207 0.00177493 0.0887818 0.718754 2.02788e-06 3.61294e-07 0.0134294 0.172504 3.3532e-10 1.32528e-08 1.02368e-15 8.74504e-15 4.91625e-16 5.75982e-20 2.01549e-15 3.36739e-15 3.80018e-16 2.83112e-17 5.5396e-19 -5.0822e-21 5.42101e-20 7.44034e-18 2.77827e-19 1.26469e-15 8.47033e-21 1.63171e-16 5.44473e-17 -6.77626e-21 7.11508e-20 6.52215e-19 -1.69407e-21 1.88931e-16 0 -1.69407e-21 1.69407e-21 1.69407e-21 1.69407e-21 0 1.11266e-17 3.38813e-21 -1.01644e-20 6.26804e-20 -1.06726e-19 -1.69407e-21
0.025  2429.75 9.72172e-06 0.000197056 9.81035e-05 0.00431212 0.00174668 0.0888266 0.718763 1.95921e-06 3.47304e-07 0.0132775 0.172767 3.27535e-10 1.26916e-08 9.69797e-16 8.29578e-15 4.6601e-16 5.42101e-20 1.93301e-15 3.18199e-15 3.54309e-16 2.66815e-17 5.0822e-21 0 6.77626e-21 1.72964e-18 6.09864e-20 3.07893e-16 3.38813e-21 5.6221e-17 1.59225e-17 -3.38813e-21 7.11508e-20 1.47384e-19 1.69407e-21 4.3983e-17 1.69407e-21 3.38813e-21 -1.69407e-21 1.69407e-21 1.69407e-21 1.69407e-21 1.2265e-18 3.38813e-21 -1.01644e-20 2.5411e-20 -1.10114e-19 -1.69407e-21
0.0263889  2431.32 9.4628e-06 0.000194801 9.51969e-05 0.00421009 0.00172316 0.0888552 0.718776 1.90412e-06 3.35928e-07 0.0131288 0.173005 3.1998e-10 1.21962e-08 9.2436e-16 7.89439e-15 4.43127e-16 4.91279e-20 1.8633e-15 3.02778e-15 3.39272e-16 2.56075e-17 -3.38813e-21 3.38813e-21 -3.38813e-21 9.14796e-20 6.77626e-21 7.48642e-17 3.38813e-21 2.99443e-17 6.6238e-18 -1.69407e-21 -9.99499e-20 8.47033e-21 1.69407e-21 1.01949e-17 1.69407e-21 0 0 -6.77626e-21 -3.38813e-21 -1.69407e-21 2.46995e-18 -1.69407e-21 3.38813e-21 6.77626e-21 5.92923e-20 -1.69407e-21
0.0277778  2432.6 9.23305e-06 0.000192499 9.28648e-05 0.00413471 0.00170392 0.0888684 0.718794 1.86127e-06 3.26812e-07 0.0129786 0.173224 3.12425e-10 1.1749e-08 8.82595e-16 7.52614e-15 4.22163e-16 4.40457e-20 1.7948e-15 2.88513e-15 3.26689e-16 2.46605e-17 3.38813e-21 -1.69407e-21 -3.38813e-21 -2.04982e-19 -8.47033e-21 1.70542e-17 -1.69407e-21 2.26632e-17 4.21992e-18 -1.69407e-21 -1.30443e-19 1.69407e-21 1.69407e-21 2.30393e-18 -5.0822e-21 3.38813e-21 0 -6.77626e-21 -5.0822e-21 1.69407e-21 3.1679e-18 0 0 -5.59042e-20 1.69407e-21 -1.69407e-21
0.0305556  2434.36 8.84235e-06 0.000187592 8.97355e-05 0.00406373 0.00167732 0.0888497 0.71884 1.80983e-06 3.14575e-07 0.0126614 0.17362 2.96822e-10 1.09593e-08 8.04702e-16 6.85871e-15 3.84262e-16 4.23516e-20 1.65099e-15 2.61446e-15 3.02094e-16 2.2792e-17 -1.69407e-21 0 -5.0822e-21 -4.72644e-19 -1.01644e-20 1.18923e-18 5.0822e-21 1.90921e-17 3.30173e-18 0 -2.03288e-19 6.77626e-21 1.69407e-21 2.84603e-19 -3.38813e-21 0 0 -3.38813e-21 -5.0822e-21 -3.38813e-21 5.27024e-18 0 0 1.18585e-19 0 -1.69407e-21
0.0333333  2435.37 8.50307e-06 0.000182271 8.78941e-05 0.00406646 0.00166093 0.0887882 0.718892 1.78815e-06 3.07383e-07 0.0123201 0.173991 2.8057e-10 1.02486e-08 7.31242e-16 6.24824e-15 3.49667e-16 3.38813e-20 1.50052e-15 2.35534e-15 2.77017e-16 2.08828e-17 -3.38813e-21 0 5.0822e-21 4.01494e-19 6.77626e-21 1.33323e-18 3.38813e-21 1.72693e-17 2.98325e-18 1.69407e-21 1.79571e-19 1.69407e-21 0 1.03338e-19 0 0 0 6.77626e-21 1.69407e-21 -1.69407e-21 -4.47572e-18 0 0 2.0837e-19 0 0
0.0388889  2435.41 7.93114e-06 0.000170726 8.69443e-05 0.00425078 0.00165031 0.0885604 0.718998 1.81155e-06 3.03816e-07 0.0115851 0.174687 2.47255e-10 9.00369e-09 5.97287e-16 5.17029e-15 2.88667e-16 2.5411e-20 1.19718e-15 1.87561e-15 2.26915e-16 1.70847e-17 -1.69407e-21 0 1.69407e-21 -2.23617e-19 -3.38813e-21 -1.82959e-19 3.38813e-21 1.34051e-17 2.26158e-18 1.69407e-21 -9.99499e-20 -1.18585e-20 5.0822e-21 0 1.69407e-21 0 0 -1.69407e-21 -1.69407e-21 -1.69407e-21 1.94309e-18 0 0 5.75982e-20 0 0
0.0444444  2434.31 7.45355e-06 0.000159846 8.72062e-05 0.00451645 0.00164945 0.0882877 0.719094 1.86423e-06 3.05213e-07 0.0108919 0.175304 2.17776e-10 7.97979e-09 4.90283e-16 4.31329e-15 2.40195e-16 2.20229e-20 9.48585e-16 1.49524e-15 1.85065e-16 1.39066e-17 1.69407e-21 0 -6.77626e-21 -3.15096e-19 -5.0822e-21 -7.13202e-19 -1.69407e-21 1.04304e-17 1.71439e-18 -1.69407e-21 -1.32137e-19 1.35525e-20 0 9.82558e-20 -1.69407e-21 -1.69407e-21 0 -3.38813e-21 -1.69407e-21 -1.69407e-21 3.80487e-18 0 0 4.23516e-20 0 0
0.0555556  2431.65 6.83035e-06 0.000145077 8.81111e-05 0.00496831 0.00165127 0.0878289 0.719234 1.95772e-06 3.09722e-07 0.00995337 0.176122 1.80718e-10 6.71939e-09 3.68495e-16 3.32247e-15 1.84181e-16 2.03288e-20 6.7217e-16 1.07309e-15 1.36586e-16 1.02355e-17 0 0 1.69407e-21 2.37169e-20 1.69407e-21 1.43996e-19 0 7.29804e-18 1.17738e-18 1.69407e-21 1.18585e-20 0 0 4.40457e-20 1.69407e-21 0 0 0 0 -1.69407e-21 -2.03288e-19 0 0 2.87991e-20 0 0
0.0722222  2429.7 6.42824e-06 0.000135832 8.84453e-05 0.0052801 0.00164947 0.0874969 0.719337 2.01725e-06 3.11875e-07 0.00936203 0.176641 1.59199e-10 5.9712e-09 3.03746e-16 2.78158e-15 1.5365e-16 1.35525e-20 5.33033e-16 8.57131e-16 1.11093e-16 8.3077e-18 0 0 -3.38813e-21 2.5411e-20 0 9.48677e-20 -1.69407e-21 5.69714e-18 9.01243e-19 -1.69407e-21 1.18585e-20 0 0 -5.0822e-21 -1.69407e-21 0 0 -1.69407e-21 1.69407e-21 1.69407e-21 -2.5411e-19 0 0 -1.01644e-20 0 0
0.0972222  2429.04 6.27084e-06 0.000132368 8.84053e-05 0.00539572 0.00164728 0.0873643 0.719381 2.03707e-06 3.12034e-07 0.00913922 0.176843 1.51473e-10 5.69456e-09 2.81522e-16 2.59236e-15 1.42986e-16 1.69407e-20 4.87288e-16 7.85028e-16 1.02511e-16 7.65718e-18 0 0 0 0 0 2.37169e-20 1.69407e-21 5.16182e-18 8.13152e-19 0 1.69407e-21 0 0 0 -1.69407e-21 0 0 0 0 0 0 0 0 0 0 0
0.134722  2428.95 6.23316e-06 0.000131588 8.83394e-05 0.00541845 0.00164633 0.0873353 0.71939 2.04027e-06 3.11829e-07 0.00908868 0.176892 1.49753e-10 5.63054e-09 2.76607e-16 2.54994e-15 1.40592e-16 1.18585e-20 4.77532e-16 7.69368e-16 1.00661e-16 7.52335e-18 0 0 -5.0822e-21 1.69407e-21 3.38813e-21 2.87991e-20 -3.38813e-21 5.05001e-18 7.89435e-19 -3.38813e-21 -1.69407e-21 -1.69407e-21 0 1.69407e-21 0 0 0 0 0 0 0 0 0 0 0 0
0.190972  2428.95 6.22737e-06 0.000131479 8.83166e-05 0.00542064 0.00164609 0.0873318 0.719391 2.04039e-06 3.11744e-07 0.00908155 0.1769 1.49512e-10 5.62103e-09 2.75914e-16 2.54382e-15 1.4025e-16 1.18585e-20 4.76207e-16 7.67187e-16 1.00412e-16 7.50471e-18 0 0 1.69407e-21 -5.0822e-21 -1.69407e-21 2.5411e-20 1.69407e-21 5.03476e-18 7.92823e-19 1.69407e-21 1.69407e-21 1.69407e-21 0 -1.69407e-21 1.69407e-21 0 0 0 0 0 0 0 0 0 0 0
0.275347  2428.95 6.22677e-06 0.000131469 8.83125e-05 0.0054207 0.00164605 0.0873316 0.719392 2.04036e-06 3.11728e-07 0.00908089 0.176901 1.4949e-10 5.62008e-09 2.75841e-16 2.54323e-15 1.40214e-16 1.18585e-20 4.76087e-16 7.66993e-16 1.00387e-16 7.49963e-18 0 0 -1.69407e-21 0 1.69407e-21 2.37169e-20 -3.38813e-21 5.03476e-18 7.87741e-19 0 0 0 0 0 0 0 0 0 0 0 0 0 0 0 0 0
0.40191  2428.95 6.22673e-06 0.000131469 8.83121e-05 0.00542069 0.00164605 0.0873316 0.719392 2.04035e-06 3.11726e-07 0.00908085 0.176901 1.49489e-10 5.62001e-09 2.75836e-16 2.54319e-15 1.40213e-16 1.69407e-20 4.76082e-16 7.66975e-16 1.00392e-16 7.50302e-18 0 0 -1.69407e-21 0 1.69407e-21 2.37169e-20 -3.38813e-21 5.03138e-18 7.92823e-19 0 0 0 0 0 0 0 0 0 0 0 0 0 0 0 0 0
0.591753  2428.95 6.22673e-06 0.000131469 8.83121e-05 0.00542069 0.00164605 0.0873316 0.719392 2.04035e-06 3.11726e-07 0.00908085 0.176901 1.49489e-10 5.62001e-09 2.75833e-16 2.54318e-15 1.40209e-16 1.69407e-20 4.76082e-16 7.6698e-16 1.00389e-16 7.50132e-18 0 0 -1.69407e-21 0 1.69407e-21 2.37169e-20 -3.38813e-21 5.03307e-18 7.92823e-19 0 0 0 0 0 0 0 0 0 0 0 0 0 0 0 0 0
0.876519  2428.95 6.22673e-06 0.000131469 8.83121e-05 0.00542069 0.00164605 0.0873316 0.719392 2.04035e-06 3.11726e-07 0.00908085 0.176901 1.49489e-10 5.62001e-09 2.75838e-16 2.54319e-15 1.40209e-16 1.69407e-20 4.7608e-16 7.66975e-16 1.00389e-16 7.50132e-18 0 0 -1.69407e-21 0 1.69407e-21 2.37169e-20 -3.38813e-21 5.03307e-18 7.92823e-19 0 0 0 0 0 0 0 0 0 0 0 0 0 0 0 0 0
1.30367  2428.95 6.22673e-06 0.000131469 8.83121e-05 0.00542069 0.00164605 0.0873316 0.719392 2.04035e-06 3.11726e-07 0.00908085 0.176901 1.49489e-10 5.62001e-09 2.75838e-16 2.54319e-15 1.40209e-16 1.69407e-20 4.7608e-16 7.66975e-16 1.00389e-16 7.50132e-18 0 0 -1.69407e-21 0 1.69407e-21 2.37169e-20 -3.38813e-21 5.03307e-18 7.92823e-19 0 0 0 0 0 0 0 0 0 0 0 0 0 0 0 0 0
