TITLE="Graphics"
VARIABLES= "x", "T", "Y_H", "Y_H2", "Y_O", "Y_O2", "Y_OH", "Y_H2O", "Y_N2", "Y_HO2", "Y_H2O2", "Y_CO", "Y_CO2", "Y_CH2O", "Y_HCO", "Y_CH3OH", "Y_CH2OH", "Y_CH3O", "Y_CH3O2", "Y_CH4", "Y_CH3", "Y_CH2", "Y_CH2(S)", "Y_C2H6", "Y_C2H5O2", "Y_C2H5", "Y_C2H4", "Y_C2H3", "Y_C2H2", "Y_CH2CHO", "Y_CH2CO", "Y_HCCO", "Y_NC3H7", "Y_C3H6", "Y_C3H5-A", "Y_C3H5O", "Y_C3H4-A", "Y_NC3H7O2", "Y_C2H3CHO", "Y_NC7H16", "Y_C7H15", "Y_C7H15O2", "Y_C7H14OOH", "Y_C7H14", "Y_C7H14OOHO2", "Y_NC7KET", "Y_C7H14O", "Y_NC3H7CHO", "Y_NC3H7CO"
-0.352127  500 0 0 0 0.218435 0 0 0.719386 0 0 0 0 0 0 0 0 0 0 0 0 0 0 0 0 0 0 0 0 0 0 0 0 0 0 0 0 0 0 0.0621786 0 0 0 0 0 0 0 0 0
-0.257205  500 0 9.55521e-17 0 0.218435 0 1.28749e-19 0.719386 4.0085e-17 1.35525e-20 -1.35525e-20 0 0 0 0 0 0 0 0 0 0 0 0 -3.38813e-21 0 0 0 0 0 0 0 0 0 0 0 0 0 0 0.0621786 0 1.43706e-16 3.38813e-21 1.69407e-21 1.87143e-17 1.06557e-18 0 0 0
-0.193924  500 0 8.74462e-14 0 0.218435 1.69407e-21 1.90481e-17 0.719386 4.18146e-17 8.80914e-20 5.96311e-19 4.74338e-20 0 0 0 0 0 0 2.5411e-20 0 0 0 0 -1.69407e-21 0 9.99499e-20 0 0 0 0 0 0 0 0 0 0 0 0 0.0621786 1.69407e-21 1.48187e-16 3.38813e-21 1.69407e-21 1.98833e-17 2.40557e-18 0 0 0
-0.151736  500 0 1.81703e-11 0 0.218435 8.47033e-21 1.22543e-14 0.719386 5.58725e-16 6.52774e-17 4.55883e-16 6.15539e-17 3.04932e-18 0 1.23667e-19 0 0 2.37169e-20 2.17772e-17 0 0 0 8.30092e-20 1.69407e-21 0 8.28195e-17 0 5.52265e-19 0 1.999e-19 0 0 8.52115e-19 1.69407e-21 0 1.18585e-20 0 1.69407e-20 0.0621786 1.69407e-21 1.21568e-15 1.69407e-20 8.97855e-19 1.28046e-15 3.11236e-15 2.42251e-19 1.18585e-20 0
-0.123611  500 0 1.40771e-10 0 0.218435 1.35525e-20 2.45197e-13 0.719386 1.03328e-15 1.47046e-15 1.10805e-14 1.87998e-15 9.06495e-17 0 3.5406e-18 0 0 5.14996e-19 4.83451e-16 0 0 0 2.52585e-18 6.77626e-21 0 2.13371e-15 0 1.47655e-17 0 6.49844e-18 0 0 2.87839e-17 3.21873e-20 0 4.01494e-19 0 7.36919e-19 0.0621786 1.69407e-21 1.97579e-15 2.87991e-20 1.94479e-18 2.30792e-15 6.84856e-15 5.0822e-19 3.89635e-20 0
-0.104861  500 0 7.12473e-10 0 0.218435 2.03288e-20 3.29499e-12 0.719386 2.66372e-15 2.33341e-14 1.76372e-13 3.7629e-14 1.76567e-15 0 7.03342e-17 0 0 1.05405e-17 7.02746e-15 0 0 0 5.38222e-17 1.84653e-19 0 3.60095e-14 0 2.62499e-16 0 1.46733e-16 0 0 6.46207e-16 6.65768e-19 0 9.14626e-18 1.69407e-21 2.23159e-17 0.0621786 3.38813e-21 2.49703e-15 3.38813e-20 6.17318e-18 3.03716e-15 1.01352e-14 8.7922e-19 4.1674e-19 0
-0.0861111  500 0 4.16697e-09 0 0.218435 2.71051e-20 5.43384e-11 0.719386 3.01513e-14 4.58631e-13 3.45351e-12 9.31937e-13 4.25261e-14 0 1.72811e-15 0 0 2.80373e-16 1.25322e-13 0 0 0 1.42126e-15 6.10711e-18 0 7.48795e-13 0 5.7621e-15 0 4.12e-15 0 0 1.80016e-14 1.86432e-17 0 2.6359e-16 4.91279e-20 8.41151e-16 0.0621786 1.69407e-21 3.39795e-15 4.74338e-20 1.89535e-16 4.1306e-15 1.47931e-14 9.06664e-18 1.49044e-17 0
-0.0611111  500 -1.69407e-21 3.62139e-08 0 0.218435 1.10114e-19 1.39498e-09 0.719386 8.80963e-13 1.40878e-11 1.05604e-10 3.61832e-11 1.60504e-12 0 6.6556e-14 0 0 1.17397e-14 3.48379e-12 0 0 0 5.88892e-14 3.26003e-16 0 2.43427e-11 0 1.97922e-13 1.86347e-20 1.81685e-13 0 0 7.87408e-13 8.30152e-16 0 1.19351e-14 2.76302e-18 4.9956e-14 0.0621786 1.52466e-20 1.72304e-14 2.42251e-19 1.56109e-14 1.75418e-14 4.23389e-14 7.17801e-16 9.39629e-16 0
-0.0527778  500 0 8.5827e-08 0 0.218435 2.71051e-19 6.83995e-09 0.719386 4.96565e-12 7.9599e-11 5.94545e-10 2.47865e-10 1.07377e-11 0 4.52857e-13 0 0 8.57156e-14 1.81792e-11 1.69407e-21 0 0 4.26131e-13 2.93746e-15 1.69407e-21 1.44003e-10 0 1.22473e-12 1.09267e-18 1.38627e-12 0 1.69407e-21 5.96635e-12 6.39111e-15 0 9.31493e-14 2.91633e-17 4.94102e-13 0.0621786 6.26804e-20 5.23313e-14 7.38613e-19 2.11076e-13 4.25288e-14 8.5905e-14 1.02218e-14 9.83592e-15 0
-0.0444444  500 -1.69407e-21 2.46701e-07 0 0.218435 1.81943e-18 4.97795e-08 0.719386 4.26344e-11 6.86317e-10 5.10361e-09 2.67512e-09 1.12766e-10 0 4.84963e-12 0 0 9.95349e-13 1.42578e-10 3.38813e-21 0 0 4.89779e-12 4.32588e-14 -1.69407e-21 1.3104e-09 0 1.17477e-11 4.93244e-17 1.69268e-11 0 0 7.22763e-11 7.88352e-14 8.47033e-21 1.16698e-12 5.10632e-16 8.07132e-12 0.0621786 4.98055e-19 3.92425e-13 5.54129e-18 4.85447e-12 2.86047e-13 7.4734e-13 2.49359e-13 1.71076e-13 0
-0.0388889  500.001 1.69407e-21 5.35143e-07 0 0.218435 1.15535e-17 2.24475e-07 0.719386 2.20514e-10 3.56314e-09 2.63973e-08 1.6804e-08 6.91943e-10 0 3.02603e-11 -1.69407e-21 3.89635e-20 6.65968e-12 6.83945e-10 3.21873e-20 0 0 3.24803e-11 3.56379e-13 0 7.11862e-09 0 6.67272e-11 1.1713e-15 1.18297e-10 0 -1.69407e-21 5.01655e-10 5.5586e-13 3.11708e-19 8.34024e-12 4.90827e-15 7.29181e-11 0.0621786 2.73253e-18 2.32366e-12 3.28327e-17 5.98065e-11 1.79635e-12 7.97778e-12 3.2443e-12 1.63496e-12 0
-0.0333333  500.008 3.38813e-21 1.24454e-06 8.47033e-21 0.218434 1.48756e-16 1.19601e-06 0.719384 1.36824e-09 2.22137e-08 1.6388e-07 1.29284e-07 5.1883e-09 1.69407e-21 2.3111e-10 0 2.66815e-18 5.49044e-11 3.90468e-09 2.93073e-19 0 0 2.65191e-10 3.6833e-12 6.77626e-21 4.66649e-08 1.69407e-21 4.59518e-10 2.51019e-14 1.0228e-09 0 0 4.30492e-09 4.85245e-12 1.83078e-17 7.38907e-11 5.98806e-14 8.32408e-10 0.0621788 2.28682e-17 2.56459e-11 3.62459e-16 9.50223e-10 2.28342e-11 1.33003e-10 5.46056e-11 1.9825e-11 0
-0.0277778  500.047 1.27055e-19 2.90484e-06 4.20128e-19 0.218429 2.2319e-15 6.12067e-06 0.71938 8.08006e-09 1.31821e-07 9.68646e-07 9.35896e-07 3.66539e-08 1.86347e-20 1.66141e-09 0 1.59698e-16 4.24342e-10 2.1326e-08 3.66765e-18 0 0 2.03096e-09 3.52872e-11 5.92923e-20 2.9035e-07 1.18585e-20 2.99536e-09 4.20785e-13 8.27076e-09 0 1.69407e-21 3.45639e-08 3.959e-11 9.39624e-16 6.11514e-10 6.72277e-13 8.77238e-09 0.0621791 2.39031e-16 3.47364e-10 4.91592e-15 1.37583e-08 3.37478e-10 2.10284e-09 8.3591e-10 2.21352e-10 1.69407e-21
-0.025  500.107 7.38613e-19 4.39752e-06 2.74947e-18 0.218422 8.56647e-15 1.3088e-05 0.719375 1.84252e-08 3.0126e-07 2.20973e-06 2.34579e-06 9.08144e-08 1.30443e-19 4.15047e-09 1.69407e-21 1.10541e-15 1.09758e-09 4.69463e-08 1.59971e-17 0 0 5.22981e-09 1.01606e-10 2.01594e-19 6.78065e-07 7.6233e-20 7.14706e-09 1.84988e-12 2.1868e-08 1.69407e-21 1.69407e-21 9.10701e-08 1.05111e-10 6.00436e-15 1.6354e-09 2.10525e-12 2.65488e-08 0.0621794 8.12616e-16 1.3049e-09 1.85046e-14 4.97383e-08 1.27521e-09 8.03278e-09 3.12364e-09 6.90977e-10 1.18585e-20
-0.0222222  500.266 5.1093e-18 6.79468e-06 2.09387e-17 0.218404 3.24688e-14 3.00372e-05 0.719364 4.53637e-08 7.43765e-07 5.44489e-06 6.371e-06 2.43809e-07 1.00289e-18 1.12349e-08 1.69407e-20 8.91161e-15 3.07386e-09 1.11279e-07 9.61044e-17 0 1.69407e-21 1.45838e-08 3.134e-10 8.97855e-19 1.71295e-06 5.82759e-19 1.84654e-08 8.8205e-12 6.25332e-08 3.21873e-20 1.86347e-20 2.59574e-07 3.01433e-10 4.48881e-14 4.72661e-09 6.95231e-12 8.53922e-08 0.0621798 2.88058e-15 4.9847e-09 7.10643e-14 1.81806e-07 4.65755e-09 3.01434e-08 1.16571e-08 2.27738e-09 1.57548e-19
-0.0194444  500.687 3.89483e-17 1.06053e-05 1.77984e-16 0.218357 1.57043e-13 7.09351e-05 0.71934 1.15654e-07 1.90466e-06 1.39125e-05 1.82223e-05 6.8775e-07 8.81084e-18 3.20044e-08 2.40557e-19 8.00706e-14 9.12709e-09 2.72308e-07 7.37754e-16 0 0 4.3069e-08 1.05108e-09 5.75474e-18 4.50185e-06 5.0246e-18 4.98008e-08 4.37835e-11 1.90505e-07 4.94667e-19 9.82558e-20 7.87583e-07 9.18385e-10 3.71074e-13 1.45942e-08 2.57005e-11 3.04283e-07 0.0621798 1.31077e-14 2.36953e-08 3.42585e-13 7.91569e-07 2.14482e-08 1.39915e-07 5.2649e-08 8.40776e-09 2.93412e-18
-0.0166667  501.742 2.81261e-16 1.66279e-05 1.41456e-15 0.218238 6.45369e-13 0.000166112 0.719289 2.89546e-07 4.80479e-06 3.50229e-05 5.05562e-05 1.88599e-06 7.2672e-17 8.84863e-08 2.86805e-18 6.53622e-13 2.61593e-08 6.59161e-07 5.50741e-15 0 -1.69407e-21 1.22685e-07 3.27255e-09 4.03222e-17 1.16167e-05 4.0827e-17 1.3149e-07 1.99958e-10 5.56296e-07 5.94109e-18 7.89435e-19 2.29248e-06 2.6426e-09 2.79892e-12 4.30712e-08 8.60676e-11 9.97933e-07 0.0621773 5.27347e-14 9.40657e-08 1.40848e-12 2.94192e-06 7.85987e-08 5.34023e-07 1.99649e-07 2.82626e-08 4.12962e-17
-0.0138889  504.431 2.0906e-15 2.62199e-05 1.17164e-14 0.217938 3.33348e-12 0.000387626 0.719179 7.21442e-07 1.21617e-05 8.84178e-05 0.000142444 5.24169e-06 6.61775e-16 2.48348e-07 4.38746e-17 5.29082e-12 7.73651e-08 1.59411e-06 4.28597e-14 1.35525e-20 1.69407e-21 3.56922e-07 1.04864e-08 3.36333e-16 3.01155e-05 3.61378e-16 3.50581e-07 8.90319e-10 1.66768e-06 9.28839e-17 1.28512e-17 6.8436e-06 7.46805e-09 2.03545e-11 1.30816e-07 3.12252e-10 3.48813e-06 0.0621585 2.70782e-13 4.41188e-07 7.21511e-12 1.2529e-05 3.41734e-07 2.42477e-06 8.81507e-07 1.02835e-07 7.87053e-16
-0.0111111  510.857 1.47609e-14 4.20755e-05 8.70769e-14 0.217221 1.59676e-11 0.000880738 0.71895 1.7366e-06 2.98048e-05 0.000216041 0.000380726 1.38625e-05 5.64028e-15 6.63611e-07 5.74924e-16 3.41652e-11 2.26284e-07 3.74006e-06 2.91957e-13 2.27005e-19 0 9.82962e-07 3.06275e-08 2.74381e-15 7.4994e-05 3.00259e-15 9.05765e-07 3.48128e-09 4.68983e-06 1.26847e-15 2.05968e-16 1.91517e-05 1.7559e-08 1.11936e-10 3.71146e-07 1.10532e-09 1.09409e-05 0.0620871 1.33736e-12 1.65636e-06 3.32468e-11 4.44487e-05 1.15685e-06 8.84745e-06 3.19026e-06 3.42351e-07 1.14776e-14
-0.00833333  526.269 1.29024e-13 7.04528e-05 9.03997e-13 0.215507 1.08524e-10 0.00198085 0.718483 4.44117e-06 7.28912e-05 0.000526444 0.00100734 3.63275e-05 6.84002e-14 1.78405e-06 1.05133e-14 2.06626e-10 7.63123e-07 8.64273e-06 2.65332e-12 6.75763e-18 1.69407e-21 2.74833e-06 1.13355e-07 3.50088e-14 0.000183377 3.64627e-14 2.41701e-06 1.72088e-08 1.31661e-05 2.58332e-14 5.91104e-15 5.33298e-05 3.55846e-08 4.87317e-10 1.04982e-06 5.64307e-09 3.47299e-05 0.0617784 1.00451e-11 6.8617e-06 2.18192e-10 0.000170116 4.14146e-06 3.57943e-05 1.26509e-05 1.31174e-06 2.29512e-13
-0.00555556  565.198 2.09398e-12 0.000126219 3.22298e-11 0.21118 1.29359e-09 0.00462798 0.717422 1.5706e-05 0.000187 0.00134968 0.00266 9.52124e-05 1.96458e-12 5.09046e-06 2.92419e-13 2.495e-09 3.2572e-06 2.02709e-05 6.22482e-11 6.63378e-16 7.28448e-20 8.33809e-06 8.38598e-07 9.54409e-13 0.000447706 1.15359e-12 7.27782e-06 1.67387e-07 3.60137e-05 9.23509e-13 3.06612e-13 0.00014681 1.39362e-07 3.03578e-09 2.89768e-06 4.29631e-08 9.87396e-05 0.060791 1.57056e-10 2.81741e-05 2.43073e-09 0.000561834 1.12799e-05 0.000118039 4.32407e-05 5.77897e-06 5.80887e-12
-0.00277778  694.576 1.84604e-10 0.000237612 5.07427e-09 0.196837 6.02688e-08 0.0126377 0.71473 9.70203e-05 0.000580288 0.00426525 0.00862972 0.000293461 3.71968e-10 1.89461e-05 2.69194e-11 5.95336e-08 1.80226e-05 5.48666e-05 9.97475e-09 4.59582e-13 2.06207e-15 3.49924e-05 1.21571e-05 9.31072e-10 0.00128394 2.92921e-10 2.80875e-05 2.46981e-06 0.000114316 2.39637e-10 2.25092e-10 0.000508867 2.07737e-06 1.90733e-08 9.74544e-06 5.24256e-07 0.000312539 0.0559513 5.04175e-08 0.000183384 1.52271e-07 0.00243269 1.64802e-05 0.000476139 0.000201764 2.87189e-05 2.65401e-10
0  1153.37 2.09248e-07 0.000430394 1.88359e-06 0.14525 1.23615e-05 0.0375009 0.713248 0.000890213 0.00184524 0.0154178 0.0351867 0.000958636 6.01207e-07 8.11822e-05 1.26554e-08 7.1594e-07 1.27583e-05 0.000171021 1.39585e-05 2.62607e-09 2.21981e-10 0.000170355 7.19304e-05 6.09605e-05 0.00444427 8.37412e-07 0.000115832 4.79615e-05 0.00044681 4.23831e-07 1.17327e-06 0.00227223 7.15166e-05 6.37942e-08 4.23267e-05 9.72434e-07 0.0013043 0.0216627 0.000144585 4.21184e-05 1.16882e-06 0.0165085 3.73182e-08 3.87687e-06 0.00144833 0.0001142 1.79695e-08
0.00277778  2125.41 8.43751e-05 0.000549448 0.000762749 0.0253427 0.00349642 0.0819188 0.719723 5.24668e-05 6.89045e-06 0.0380099 0.128543 6.05059e-05 5.81916e-06 1.81752e-05 3.2281e-06 2.00546e-08 9.44079e-09 1.64989e-05 3.75748e-05 1.24238e-05 8.50172e-07 7.66595e-07 4.55946e-07 4.29209e-06 0.000141887 1.06946e-05 0.000390276 7.83851e-07 4.30265e-05 3.07048e-05 2.40929e-06 2.08648e-05 2.82363e-05 2.13767e-10 4.62578e-05 4.30966e-10 2.61107e-05 8.9714e-06 5.69943e-07 6.88904e-11 1.91649e-11 0.000578186 2.66032e-14 7.63517e-10 2.00737e-05 3.70869e-07 8.2262e-09
0.00555556  2286.7 4.57163e-05 0.000394724 0.000469305 0.0122624 0.00333145 0.0858234 0.71908 1.13375e-05 2.27752e-06 0.0260628 0.152454 2.44832e-06 2.64927e-07 4.99074e-07 1.35205e-07 5.35789e-10 8.41814e-11 5.42355e-07 1.23442e-06 7.65118e-07 4.3515e-08 4.21916e-09 4.52811e-09 5.38155e-08 2.30471e-06 2.0303e-07 2.31631e-05 6.1508e-09 2.43008e-06 1.62437e-06 5.14205e-09 1.99492e-07 1.04421e-06 1.45394e-12 4.1063e-06 2.58212e-13 1.41074e-07 1.71558e-09 7.86111e-11 9.19391e-15 9.28326e-15 2.12203e-05 3.04932e-20 1.5299e-13 3.06324e-07 1.38199e-09 9.69072e-11
0.00833333  2347.84 2.77843e-05 0.000320451 0.000280463 0.00834088 0.00274472 0.0874467 0.718796 5.65105e-06 1.19259e-06 0.0209351 0.161098 1.36614e-07 6.73589e-08 2.0783e-08 6.11295e-09 2.28476e-11 2.39736e-12 2.91913e-08 6.18684e-08 4.10178e-08 2.22314e-09 8.00973e-11 5.33034e-11 1.7703e-09 7.99501e-08 6.00414e-09 1.60336e-06 1.28351e-10 1.74597e-07 9.4381e-08 4.63573e-11 4.74462e-09 4.35235e-08 2.84488e-14 3.56053e-07 1.30944e-15 4.7624e-10 2.42087e-13 2.19593e-14 1.5343e-16 1.63987e-16 9.30431e-07 0 3.12979e-17 5.713e-09 6.4517e-12 1.4009e-12
0.0111111  2378.98 1.96584e-05 0.000279339 0.000191399 0.00641469 0.00233725 0.0883278 0.718682 3.71494e-06 7.61541e-07 0.0183205 0.165423 1.04251e-08 3.77027e-08 1.25181e-09 3.74581e-10 1.37981e-12 1.16394e-13 2.24775e-09 4.25968e-09 2.69604e-09 1.43584e-10 2.95563e-12 6.85365e-13 7.51914e-11 4.26518e-09 2.61492e-10 1.32329e-07 4.98232e-12 1.46191e-08 6.74343e-09 8.4809e-13 1.80572e-10 2.05706e-09 8.7146e-16 3.20056e-08 1.68627e-17 1.38484e-12 2.99477e-17 4.44621e-16 4.86028e-18 3.83537e-18 4.73038e-08 1.69407e-21 5.0822e-21 1.25242e-10 3.64495e-14 2.55364e-14
0.0138889  2397.26 1.54418e-05 0.000254277 0.000145348 0.00528443 0.00207242 0.0888341 0.718644 2.80558e-06 5.56389e-07 0.0167527 0.167994 1.37825e-09 2.63724e-08 9.64258e-11 2.87935e-11 1.06678e-13 7.71965e-15 2.11159e-10 3.60456e-10 2.15172e-10 1.1346e-11 1.39102e-13 9.3243e-15 3.75599e-12 2.77121e-10 1.43193e-11 1.23344e-08 2.7112e-13 1.35618e-09 5.6315e-10 1.86899e-14 8.69469e-12 1.09373e-10 3.47995e-17 3.01589e-09 2.94767e-19 6.90429e-15 2.03288e-20 1.8096e-17 2.01594e-19 1.15196e-19 2.68612e-09 0 -1.69407e-21 3.09454e-12 2.49687e-16 5.53014e-16
0.0166667  2408.87 1.29865e-05 0.000237481 0.000119204 0.00457536 0.00189731 0.0891239 0.71865 2.30695e-06 4.45317e-07 0.0156996 0.169681 5.50289e-10 2.05142e-08 8.68462e-12 2.5843e-12 1.03348e-14 6.24507e-16 2.2134e-11 3.47481e-11 1.96861e-11 1.03123e-12 7.52771e-15 1.33643e-16 2.1098e-13 2.04066e-11 9.21725e-13 1.25033e-09 1.84474e-14 1.35777e-10 5.25754e-11 4.64615e-16 4.86845e-13 6.4469e-12 1.67882e-18 2.97865e-10 5.0822e-21 1.64909e-16 3.38813e-21 8.87691e-19 1.01644e-20 5.0822e-21 1.65386e-10 -3.38813e-21 8.47033e-21 8.34348e-14 2.34967e-18 1.35576e-17
0.0194444  2416.55 1.14248e-05 0.000224999 0.000103451 0.00412747 0.00178002 0.0892731 0.718683 2.01187e-06 3.80273e-07 0.0149155 0.170878 4.29633e-10 1.70096e-08 8.65389e-13 2.65882e-13 1.64706e-15 5.77829e-17 2.46738e-12 3.63729e-12 1.97412e-12 1.02937e-13 4.48517e-16 2.10234e-18 1.29067e-14 1.65974e-12 6.75435e-14 1.3437e-10 1.4765e-15 1.44027e-11 5.31929e-12 1.2631e-17 3.03579e-14 4.14236e-13 9.48677e-20 3.06464e-11 0 8.10441e-18 0 5.0822e-20 1.69407e-21 0 1.07935e-11 1.69407e-21 -6.77626e-21 2.39542e-15 5.0822e-21 3.65918e-19
0.0222222  2421.71 1.03579e-05 0.000214683 9.37271e-05 0.00386019 0.00170199 0.0893219 0.718734 1.83435e-06 3.40759e-07 0.0142692 0.171792 3.84723e-10 1.46791e-08 9.28843e-14 3.71694e-14 6.87747e-16 5.9106e-18 2.85844e-13 4.03185e-13 2.10655e-13 1.0952e-14 2.86094e-17 4.23516e-20 8.39842e-16 1.46762e-13 5.51628e-15 1.50172e-11 1.33055e-16 1.59365e-12 5.69774e-13 3.71e-19 2.05335e-15 2.86012e-14 5.0822e-21 3.25641e-12 1.69407e-21 4.82809e-19 1.69407e-21 1.69407e-21 0 0 7.33577e-13 0 0 7.18724e-17 1.69407e-21 1.01644e-20
0.025  2425.11 9.58231e-06 0.000205352 8.77974e-05 0.00372773 0.00165178 0.0892944 0.718794 1.73275e-06 3.16803e-07 0.0136871 0.17254 3.51883e-10 1.2987e-08 1.11947e-14 1.1871e-14 5.10346e-16 6.82709e-19 3.5267e-14 4.86327e-14 2.36437e-14 1.23294e-15 1.9126e-18 0 5.70934e-17 1.39059e-14 4.92809e-16 1.71851e-12 1.30392e-17 1.81407e-13 6.34178e-14 1.35525e-20 1.48141e-16 2.09977e-15 0 3.54078e-13 0 3.55754e-20 0 -1.69407e-21 -1.69407e-21 0 5.12078e-14 -1.69407e-21 1.69407e-21 2.20229e-18 2.37169e-20 -1.69407e-21
0.0277778  2427.22 8.98569e-06 0.000196418 8.43848e-05 0.00370028 0.00162161 0.0892079 0.718859 1.68375e-06 3.02953e-07 0.0131316 0.173188 3.22642e-10 1.16662e-08 2.07813e-15 8.04285e-15 4.31053e-16 1.13502e-19 5.8302e-15 8.20514e-15 2.96448e-15 1.60828e-16 1.32137e-19 0 4.00308e-18 1.39114e-15 4.72712e-17 1.98891e-13 1.35356e-18 2.10024e-14 7.22571e-15 1.69407e-21 1.13028e-17 1.62776e-16 -1.69407e-21 3.90604e-14 0 3.38813e-21 1.69407e-21 0 0 0 3.63267e-15 0 1.69407e-21 6.60686e-20 2.5411e-20 0
0.0305556  2428.38 8.5034e-06 0.000187689 8.267e-05 0.00375483 0.00160566 0.0890769 0.718923 1.67205e-06 2.9585e-07 0.0125889 0.17377 2.95469e-10 1.05793e-08 9.4002e-16 6.74039e-15 3.73089e-16 4.06576e-20 2.14854e-15 3.18881e-15 5.92164e-16 3.73406e-17 1.01644e-20 -1.69407e-21 2.84603e-19 1.44716e-16 4.77727e-18 2.30551e-14 1.47384e-19 2.4602e-15 8.34395e-16 1.69407e-21 8.82608e-19 1.32527e-17 -1.69407e-21 4.33968e-15 0 -1.69407e-21 -1.69407e-21 0 0 1.69407e-21 2.60234e-16 -1.69407e-21 1.69407e-21 -4.06576e-20 3.21873e-20 -1.69407e-21
0.0333333  2428.81 8.09861e-06 0.00017924 8.20669e-05 0.0038701 0.00159922 0.0889151 0.718985 1.6859e-06 2.93175e-07 0.0120624 0.174297 2.7034e-10 9.65833e-09 7.14748e-16 5.86268e-15 3.25561e-16 3.21873e-20 1.49675e-15 2.27182e-15 2.85706e-16 2.06625e-17 1.69407e-21 -1.69407e-21 2.03288e-20 1.45097e-17 4.65868e-19 2.4495e-15 1.69407e-20 2.77729e-16 9.09104e-17 -1.69407e-21 1.16891e-19 1.07573e-18 0 4.506e-16 -1.69407e-21 0 0 1.69407e-21 0 -1.69407e-21 1.68746e-17 0 -1.69407e-21 -3.38813e-21 -2.71051e-20 0
0.0388889  2428.14 7.4602e-06 0.000163906 8.28151e-05 0.00421713 0.0016029 0.0885391 0.719095 1.75935e-06 2.95751e-07 0.0111059 0.175184 2.27668e-10 8.213e-09 5.35411e-16 4.57861e-15 2.5371e-16 2.5411e-20 1.05615e-15 1.62547e-15 1.94872e-16 1.45419e-17 1.69407e-21 1.69407e-21 1.69407e-21 6.65768e-19 2.03288e-20 1.27658e-16 1.69407e-21 2.54398e-17 6.53232e-18 1.69407e-21 -2.71051e-20 4.23516e-20 0 2.34933e-17 1.69407e-21 1.69407e-21 -1.69407e-21 1.69407e-21 -1.69407e-21 0 1.40099e-18 0 0 -2.37169e-20 0 0
0.0444444  2426.85 6.9696e-06 0.000151649 8.39393e-05 0.00457339 0.0016095 0.0881819 0.719185 1.83782e-06 3.00134e-07 0.0103341 0.175871 1.96073e-10 7.1624e-09 4.2416e-16 3.71258e-15 2.0516e-16 2.20229e-20 7.9748e-16 1.24252e-15 1.52059e-16 1.13587e-17 -1.69407e-21 0 1.69407e-21 7.11508e-20 3.38813e-21 6.31717e-18 0 9.30212e-18 1.61614e-18 0 1.35525e-20 -1.69407e-21 -1.69407e-21 1.12994e-18 0 -1.69407e-21 -1.69407e-21 -1.69407e-21 -1.69407e-21 0 -4.40457e-19 0 -1.69407e-21 -3.38813e-21 1.69407e-21 3.38813e-21
0.0555556  2424.9 6.42401e-06 0.000138254 8.5094e-05 0.00502349 0.00161461 0.0877178 0.719302 1.93184e-06 3.04922e-07 0.00948851 0.176622 1.64223e-10 6.08807e-09 3.22931e-16 2.89787e-15 1.59501e-16 1.52466e-20 5.74182e-16 9.06737e-16 1.14207e-16 8.51438e-18 0 0 1.69407e-21 6.77626e-21 1.69407e-21 1.999e-19 1.69407e-21 6.09694e-18 9.63923e-19 0 3.38813e-21 -1.69407e-21 0 1.69407e-20 -1.69407e-21 0 1.69407e-21 0 0 1.69407e-21 -1.40607e-19 0 0 -1.69407e-21 0 -1.69407e-21
0.0722222  2423.95 6.13714e-06 0.000131599 8.53267e-05 0.00525345 0.00161373 0.0874625 0.719368 1.97466e-06 3.06026e-07 0.00906498 0.177012 1.49389e-10 5.56923e-09 2.79162e-16 2.53524e-15 1.39193e-16 1.52466e-20 4.83036e-16 7.66733e-16 9.81203e-17 7.30651e-18 0 0 1.69407e-21 -1.69407e-21 0 2.87991e-20 -1.69407e-21 5.0534e-18 7.80964e-19 -1.69407e-21 1.69407e-21 -1.69407e-21 0 0 0 1.69407e-21 0 1.69407e-21 1.69407e-21 -1.69407e-21 -3.38813e-21 0 0 0 0 0
0.0972222  2423.77 6.04643e-06 0.000129632 8.52444e-05 0.00531466 0.00161216 0.0873868 0.719387 1.98425e-06 3.05735e-07 0.00893894 0.177137 1.45126e-10 5.41376e-09 2.66914e-16 2.43172e-15 1.33403e-16 1.52466e-20 4.58626e-16 7.28467e-16 9.37191e-17 6.97447e-18 0 0 0 0 -1.69407e-21 2.5411e-20 1.69407e-21 4.77727e-18 7.36919e-19 0 0 0 0 1.69407e-21 0 0 0 1.69407e-21 0 0 -3.38813e-21 0 0 0 0 0
0.134722  2423.77 6.0288e-06 0.000129284 8.51899e-05 0.00532278 0.00161157 0.0873748 0.719389 1.985e-06 3.05518e-07 0.00891636 0.177162 1.44373e-10 5.38467e-09 2.64737e-16 2.41298e-15 1.32356e-16 1.35525e-20 4.54474e-16 7.21787e-16 9.29602e-17 6.91687e-18 1.69407e-21 0 0 0 0 2.37169e-20 -1.69407e-21 4.73153e-18 7.30142e-19 0 -1.69407e-21 -1.69407e-21 0 -1.69407e-21 0 0 0 0 0 0 0 0 0 0 0 0
0.190972  2423.78 6.02661e-06 0.000129246 8.51774e-05 0.0053232 0.00161145 0.0873739 0.719389 1.98492e-06 3.05467e-07 0.00891383 0.177166 1.44289e-10 5.38118e-09 2.64488e-16 2.41082e-15 1.32232e-16 1.52466e-20 4.54033e-16 7.21047e-16 9.28856e-17 6.91348e-18 1.69407e-21 0 1.69407e-21 -1.69407e-21 0 2.5411e-20 0 4.72814e-18 7.28448e-19 0 0 0 0 1.69407e-21 0 0 0 0 0 0 0 0 0 0 0 0
0.275347  2423.78 6.02643e-06 0.000129243 8.51759e-05 0.00532318 0.00161144 0.0873738 0.719389 1.9849e-06 3.05461e-07 0.00891365 0.177166 1.44283e-10 5.38091e-09 2.64471e-16 2.41065e-15 1.32224e-16 1.52466e-20 4.54001e-16 7.20994e-16 9.28755e-17 6.91179e-18 1.69407e-21 0 1.69407e-21 -1.69407e-21 0 2.5411e-20 0 4.72475e-18 7.26754e-19 0 0 0 0 0 0 0 0 0 0 0 0 0 0 0 0 0
0.40191  2423.78 6.02642e-06 0.000129243 8.51758e-05 0.00532318 0.00161144 0.0873738 0.719389 1.9849e-06 3.0546e-07 0.00891364 0.177166 1.44283e-10 5.3809e-09 2.64469e-16 2.41064e-15 1.3222e-16 1.52466e-20 4.54003e-16 7.20989e-16 9.28755e-17 6.91009e-18 1.69407e-21 0 1.69407e-21 -1.69407e-21 0 2.5411e-20 0 4.72644e-18 7.26754e-19 0 0 0 0 0 0 0 0 0 0 0 0 0 0 0 0 0
0.591753  2423.78 6.02642e-06 0.000129243 8.51758e-05 0.00532318 0.00161144 0.0873738 0.719389 1.9849e-06 3.0546e-07 0.00891364 0.177166 1.44283e-10 5.3809e-09 2.64469e-16 2.41064e-15 1.3222e-16 1.52466e-20 4.54003e-16 7.20989e-16 9.28755e-17 6.91009e-18 1.69407e-21 0 1.69407e-21 -1.69407e-21 0 2.5411e-20 0 4.72644e-18 7.26754e-19 0 0 0 0 0 0 0 0 0 0 0 0 0 0 0 0 0
