TITLE="Graphics"
VARIABLES= "x", "T", "Y_H", "Y_H2", "Y_O", "Y_O2", "Y_OH", "Y_H2O", "Y_N2", "Y_HO2", "Y_H2O2", "Y_CO", "Y_CO2", "Y_CH2O", "Y_HCO", "Y_CH3OH", "Y_CH2OH", "Y_CH3O", "Y_CH3O2", "Y_CH4", "Y_CH3", "Y_CH2", "Y_CH2(S)", "Y_C2H6", "Y_C2H5O2", "Y_C2H5", "Y_C2H4", "Y_C2H3", "Y_C2H2", "Y_CH2CHO", "Y_CH2CO", "Y_HCCO", "Y_NC3H7", "Y_C3H6", "Y_C3H5-A", "Y_C3H5O", "Y_C3H4-A", "Y_NC3H7O2", "Y_C2H3CHO", "Y_NC7H16", "Y_C7H15", "Y_C7H15O2", "Y_C7H14OOH", "Y_C7H14", "Y_C7H14OOHO2", "Y_NC7KET", "Y_C7H14O", "Y_NC3H7CHO", "Y_NC3H7CO"
-0.193924  500 0 0 0 0.218435 0 0 0.719386 0 0 0 0 0 0 0 0 0 0 0 0 0 0 0 0 0 0 0 0 0 0 0 0 0 0 0 0 0 0 0.0621786 0 0 0 0 0 0 0 0 0
-0.151736  500 0 2.02672e-11 0 0.218435 -1.69407e-21 1.78233e-12 0.719386 8.09442e-16 1.62202e-14 2.19403e-13 6.43486e-14 3.61663e-15 0 1.47435e-16 0 0 1.22718e-17 7.34467e-15 0 0 0 1.14275e-16 3.94717e-19 0 4.33993e-14 0 3.93904e-16 0 5.52386e-16 0 0 1.63205e-15 1.58565e-18 0 3.8828e-17 0 3.2329e-16 0.0621786 1.69407e-21 1.85017e-16 1.69407e-21 1.05803e-16 3.38627e-17 2.96343e-17 4.44184e-18 2.23278e-18 0
-0.123611  500 0 2.66066e-09 0 0.218435 3.72694e-20 7.31034e-10 0.719386 3.71114e-13 7.99828e-12 1.07656e-10 4.02835e-11 2.19978e-12 0 9.15414e-14 0 0 8.30498e-15 3.26873e-12 0 0 0 7.6437e-14 3.46831e-16 0 2.26698e-11 0 2.17657e-13 0 3.93607e-13 0 0 1.15334e-12 1.13966e-15 0 2.84204e-14 4.60955e-18 3.115e-13 0.0621786 6.77626e-21 5.5369e-15 7.6233e-20 1.44707e-13 5.29174e-15 4.32953e-14 6.461e-15 2.29988e-15 0
-0.104861  500 0 8.01799e-08 0 0.218435 1.31663e-17 6.71909e-08 0.719386 4.06342e-11 8.82118e-10 1.18151e-08 5.62893e-09 2.98716e-10 0 1.26876e-11 0 1.69407e-21 1.25257e-12 3.25701e-10 6.77626e-21 0 0 1.14058e-11 6.68838e-14 0 2.64709e-09 3.38813e-21 2.68711e-11 4.21822e-19 6.25456e-11 0 0 1.8177e-10 1.83018e-13 1.69407e-20 4.63806e-12 1.06225e-15 6.68171e-11 0.0621786 1.34848e-18 1.68312e-12 2.3783e-17 4.39966e-11 2.07701e-12 1.52953e-11 2.08625e-12 5.26054e-13 0
-0.0861111  500.001 1.69407e-21 1.98239e-07 0 0.218435 3.11403e-17 1.6798e-07 0.719386 1.01788e-10 2.20716e-09 2.95638e-08 1.4098e-08 7.48081e-10 0 3.1776e-11 0 1.35525e-20 3.13796e-12 8.14601e-10 1.52466e-20 0 0 2.85729e-11 1.67679e-13 1.69407e-21 6.62531e-09 0 6.72699e-11 3.86755e-18 1.56715e-10 0 0 4.55435e-10 4.58591e-13 1.15196e-19 1.16221e-11 2.66415e-15 1.6755e-10 0.0621786 3.23397e-18 4.00912e-12 5.66546e-17 1.10398e-10 4.91245e-12 3.69276e-11 5.23531e-12 1.3193e-12 0
-0.0611111  500.016 3.38813e-21 1.07601e-06 2.03288e-20 0.218433 6.60179e-16 2.24735e-06 0.719384 1.60887e-09 3.47324e-08 4.63401e-07 2.75385e-07 1.42334e-08 0 6.16063e-10 0 6.27313e-18 6.57764e-11 1.17088e-08 3.64224e-19 0 0 5.93011e-10 4.42287e-12 6.77626e-21 1.09833e-07 0 1.1731e-09 8.725e-16 3.44787e-09 -1.69407e-21 0 9.94374e-09 1.019e-11 4.33766e-17 2.62117e-10 8.3095e-14 4.88515e-09 0.0621788 6.39815e-17 8.29199e-11 1.17237e-15 4.49087e-09 1.03899e-10 1.06643e-09 2.25641e-10 4.0878e-11 0
-0.0527778  500.065 8.30092e-20 2.07961e-06 4.74338e-19 0.218427 5.21166e-15 8.05225e-06 0.71938 6.56115e-09 1.41433e-07 1.8809e-06 1.33794e-06 6.76563e-08 2.71051e-20 2.97444e-09 1.69407e-21 1.74926e-16 3.39165e-10 4.43681e-08 2.71051e-18 0 0 3.03106e-09 2.78102e-11 4.57398e-20 4.66356e-07 1.35525e-20 5.19026e-09 2.45476e-14 1.85133e-08 0 1.69407e-21 5.30483e-08 5.52137e-11 1.04309e-15 1.43743e-09 6.05537e-13 3.34711e-08 0.062179 4.53855e-16 6.30744e-10 8.93274e-15 4.1487e-08 8.15843e-10 9.25631e-09 2.19782e-09 2.95569e-10 3.38813e-21
-0.0444444  500.166 5.72594e-19 3.84397e-06 3.36103e-18 0.218415 1.45677e-14 1.97308e-05 0.719372 1.66813e-08 3.58935e-07 4.76972e-06 3.53536e-06 1.77962e-07 1.77877e-19 7.8495e-09 6.77626e-21 1.2663e-15 9.0729e-10 1.10478e-07 1.18314e-17 0 0 8.09073e-09 7.70963e-11 1.52466e-19 1.19589e-06 9.82558e-20 1.34389e-08 1.68881e-13 4.98769e-08 8.47033e-21 5.0822e-21 1.42749e-07 1.49123e-10 7.29245e-15 3.88738e-09 1.71399e-12 9.37486e-08 0.0621793 1.25634e-15 1.79232e-09 2.5469e-14 1.20366e-07 2.25367e-09 2.61983e-08 6.40926e-09 8.33859e-10 3.04932e-20
-0.0388889  500.462 5.338e-18 6.13699e-06 3.68358e-17 0.21838 8.39906e-14 4.92831e-05 0.719354 4.60759e-08 9.88992e-07 1.31093e-05 1.11931e-05 5.53656e-07 2.03966e-18 2.47267e-08 1.16891e-19 1.45898e-14 3.01959e-09 2.87995e-07 9.53945e-17 -1.69407e-21 0 2.66805e-08 3.04346e-10 9.55453e-19 3.40393e-06 1.07912e-18 3.95052e-08 1.83936e-12 1.71164e-07 2.37169e-19 2.71051e-20 4.87318e-07 5.17393e-10 7.53321e-14 1.35718e-08 7.66859e-12 3.93728e-07 0.0621789 6.84031e-15 1.03193e-08 1.48095e-13 6.53891e-07 1.27275e-08 1.45971e-07 3.64791e-08 3.66552e-09 8.09763e-19
-0.0333333  501.171 3.75269e-17 1.01378e-05 2.84098e-16 0.218297 2.74304e-13 0.000117605 0.719315 1.16604e-07 2.49492e-06 3.3029e-05 3.01894e-05 1.4816e-06 1.58226e-17 6.6538e-08 1.04354e-18 1.12881e-13 8.33237e-09 7.04819e-07 6.39378e-16 0 0 7.32237e-08 8.97171e-10 5.34478e-18 8.73217e-06 8.31278e-18 1.02971e-07 1.20698e-11 4.77358e-07 2.16332e-18 1.66018e-19 1.35633e-06 1.44972e-09 5.49662e-13 3.81068e-08 2.35179e-11 1.17796e-06 0.0621771 2.219e-14 3.4269e-08 5.03548e-13 2.09279e-06 3.93731e-08 4.62475e-07 1.17939e-07 1.11164e-08 8.10611e-18
-0.0277778  503.834 5.01e-16 1.72981e-05 4.94059e-15 0.217989 2.25323e-12 0.000340983 0.719204 3.78369e-07 8.09313e-06 0.000106831 0.000114279 5.49876e-06 3.05393e-16 2.50367e-07 3.48571e-17 1.81482e-12 3.34463e-08 2.1473e-06 9.37962e-15 6.77626e-21 0 2.8991e-07 4.30936e-09 8.16167e-17 2.93648e-05 1.55534e-16 3.58959e-07 1.16875e-10 1.97381e-06 7.39714e-17 6.03934e-18 5.57722e-06 5.99391e-09 7.73732e-12 1.60585e-07 1.30366e-10 6.06331e-06 0.0621489 1.80668e-13 2.67335e-07 4.28824e-12 1.41688e-05 2.82575e-07 3.33442e-06 8.38616e-07 6.01228e-08 3.86337e-16
-0.0222222  509.969 3.83642e-15 2.9421e-05 4.18889e-14 0.217279 9.16342e-12 0.000837159 0.718966 9.78985e-07 2.10102e-05 0.000276821 0.000315622 1.50686e-05 2.86954e-15 6.89489e-07 3.95043e-16 1.33117e-11 9.75164e-08 5.41024e-06 6.86903e-14 1.28749e-19 0 8.13783e-07 1.26251e-08 6.80054e-16 7.73537e-05 1.45992e-15 9.60046e-07 5.56076e-10 5.62372e-06 8.71453e-16 7.73985e-17 1.58568e-05 1.59496e-08 4.98682e-11 4.6026e-07 4.37136e-10 1.84144e-05 0.0620721 7.60951e-13 9.12304e-07 1.78164e-11 4.57267e-05 8.50307e-07 1.071e-05 2.73075e-06 1.87332e-07 4.46354e-15
-0.0166667  530.934 5.58068e-14 5.05901e-05 9.05681e-13 0.214878 1.11154e-10 0.0023194 0.7184 2.99229e-06 6.53698e-05 0.000854402 0.00112736 5.2772e-05 8.22761e-14 2.4416e-06 1.71863e-14 1.40314e-10 4.45882e-07 1.57651e-05 8.86274e-13 1.04964e-17 -3.38813e-21 3.03256e-06 5.71854e-08 1.9483e-14 0.00024697 4.52254e-14 3.17461e-06 3.23091e-09 2.1881e-05 4.31979e-14 5.89018e-15 6.11512e-05 4.49246e-08 3.40399e-10 1.81534e-06 3.7923e-09 8.76519e-05 0.0614216 1.04448e-11 6.44602e-06 2.33889e-10 0.000282978 4.70338e-06 7.0387e-05 1.77164e-05 1.05476e-06 2.2509e-13
-0.0111111  575.678 9.02364e-13 8.85515e-05 1.39117e-11 0.209716 1.08545e-09 0.00539106 0.717314 8.4046e-06 0.000166168 0.00208553 0.00294161 0.000137369 1.83108e-12 6.32044e-06 3.9102e-13 6.97735e-10 2.59668e-06 3.71687e-05 1.33848e-11 4.56761e-16 1.18585e-20 8.05999e-06 3.18291e-07 7.41075e-13 0.0006098 1.07567e-12 8.04756e-06 1.8417e-08 6.08356e-05 1.30021e-12 3.19275e-13 0.000163391 5.66397e-08 6.76098e-10 4.84561e-06 6.192e-08 0.000246759 0.0598485 1.40104e-10 2.19287e-05 2.39644e-09 0.000856785 9.75806e-06 0.000203928 5.48989e-05 7.01171e-06 5.12461e-12
-0.00555556  706.764 6.93991e-11 0.000167079 1.32824e-09 0.194756 3.53603e-08 0.0135175 0.715843 5.06902e-05 0.000507867 0.00550199 0.00913941 0.000410609 2.36536e-10 1.8942e-05 2.62345e-11 2.27319e-08 1.9862e-05 9.04265e-05 4.3528e-09 1.67003e-13 1.97955e-16 2.64499e-05 5.08217e-06 4.4896e-10 0.00164912 1.89499e-10 2.31047e-05 5.43704e-07 0.000210026 1.96564e-10 2.17567e-10 0.000531321 8.36827e-07 4.83085e-09 1.48089e-05 1.29042e-06 0.000840074 0.0516504 3.24482e-08 0.00011039 1.0766e-07 0.00386735 8.55565e-06 0.000682212 0.000275812 7.89538e-05 3.11996e-10
0  1153.37 7.85605e-08 0.000325677 7.47388e-07 0.144062 5.97626e-06 0.0383361 0.715528 0.000605887 0.0016228 0.0158786 0.035365 0.00118466 3.22894e-07 6.78902e-05 7.84188e-09 3.07737e-07 7.91818e-06 0.000235023 8.73351e-06 6.75503e-10 6.30421e-11 0.000112593 2.99168e-05 2.5451e-05 0.00523093 4.74477e-07 7.46781e-05 2.65591e-05 0.000617617 2.46571e-07 5.59499e-07 0.00221771 5.67238e-05 3.43183e-08 4.87921e-05 4.59583e-07 0.0025982 0.0159495 5.01342e-05 1.446e-05 4.01282e-07 0.0181822 1.24679e-08 1.57427e-06 0.00141005 0.000115031 8.57547e-09
0.00555556  2223.66 5.54565e-05 0.000418955 0.000574678 0.0175714 0.00342067 0.0833165 0.719954 2.23975e-05 3.52157e-06 0.0277809 0.146322 2.09637e-05 1.58084e-06 4.57903e-06 1.13503e-06 5.55274e-09 1.53606e-09 4.62362e-06 1.21394e-05 4.95336e-06 3.02789e-07 1.3755e-07 7.56127e-08 1.05794e-06 4.30702e-05 3.27049e-06 0.000165313 1.44651e-07 1.86604e-05 1.22512e-05 7.15947e-07 5.18077e-06 1.12787e-05 3.44747e-11 2.67219e-05 6.33437e-11 7.13802e-06 1.30429e-06 4.74208e-08 4.01403e-12 1.44136e-12 0.000206559 2.14614e-15 9.6908e-11 6.43347e-06 1.22993e-07 2.40611e-09
0.0111111  2353.01 2.11951e-05 0.000263895 0.000239641 0.00856008 0.00253971 0.0867497 0.719439 5.04217e-06 1.00558e-06 0.0176076 0.164561 4.3401e-07 5.33738e-08 6.14154e-08 1.75269e-08 6.72393e-11 7.65045e-12 9.36596e-08 1.94562e-07 1.07775e-07 5.74976e-09 3.18647e-10 2.78432e-10 5.70482e-09 3.36818e-07 2.1564e-08 5.14319e-06 4.29979e-10 5.82942e-07 2.87472e-07 4.58637e-10 2.07793e-08 1.55429e-07 9.15422e-14 1.25563e-06 1.31943e-14 7.03007e-09 5.61458e-11 1.46251e-12 5.46238e-16 9.66492e-16 3.14525e-06 0 6.20395e-15 4.09717e-08 1.90942e-10 9.51395e-12
0.0166667  2393.43 1.24274e-05 0.000207769 0.000138662 0.00600279 0.00200955 0.0878528 0.719292 2.83344e-06 5.33994e-07 0.0139834 0.170497 1.33893e-08 1.8143e-08 1.41681e-09 4.07369e-10 1.51923e-12 1.31411e-13 3.10859e-09 5.33391e-09 2.91605e-09 1.50767e-10 3.03561e-12 1.15066e-12 8.20233e-11 5.9011e-09 2.92811e-10 1.86412e-07 4.7384e-12 2.11244e-08 8.42114e-09 1.97458e-12 2.15301e-10 2.50459e-09 8.06345e-16 5.2813e-08 3.52823e-17 5.14829e-12 1.97156e-15 4.98882e-16 5.14996e-18 7.20656e-18 5.99434e-08 0 4.06576e-19 3.31216e-10 3.82939e-13 5.80533e-14
0.0222222  2410.15 9.36106e-06 0.000182565 0.000103488 0.00494626 0.00176395 0.0882683 0.719257 2.15732e-06 3.85024e-07 0.0123354 0.173131 7.68009e-10 1.16825e-08 4.67463e-11 1.33039e-11 4.98603e-14 3.76424e-15 1.27615e-10 1.93953e-10 1.01473e-10 5.18569e-12 5.24799e-14 5.00617e-15 1.54202e-12 1.51216e-10 6.20308e-12 7.50826e-09 1.01188e-13 8.3371e-10 2.99682e-10 1.57801e-14 3.63198e-12 4.90581e-11 1.19499e-17 2.20197e-09 2.18535e-19 4.28878e-15 6.94567e-20 6.95245e-18 7.6233e-20 6.94567e-20 1.29461e-09 0 -1.69407e-21 3.05322e-12 8.96967e-16 4.6269e-16
0.0277778  2417.57 7.99382e-06 0.000168338 8.92216e-05 0.0045127 0.00164918 0.0883846 0.719259 1.89497e-06 3.26982e-07 0.0113995 0.174527 2.60123e-10 9.15073e-09 1.8035e-12 5.11902e-13 2.18034e-15 1.36394e-16 5.53606e-12 7.85517e-12 3.97844e-12 2.0209e-13 1.09372e-15 2.26802e-17 3.31674e-14 4.6051e-12 1.65435e-13 3.15794e-10 2.95896e-15 3.4547e-11 1.18148e-11 1.457e-16 7.64809e-14 1.10128e-12 2.33781e-19 9.16817e-11 1.69407e-21 2.14418e-17 -1.69407e-21 1.33831e-19 0 0 2.98221e-11 0 0 3.01042e-14 2.41235e-18 4.24364e-18
0.0333333  2420.52 7.25837e-06 0.000158237 8.32895e-05 0.00440478 0.0015973 0.0883406 0.719273 1.8008e-06 3.0338e-07 0.0107397 0.175394 2.13529e-10 7.81259e-09 7.39841e-14 2.46845e-14 3.09814e-16 5.52435e-18 2.39485e-13 3.2826e-13 1.62994e-13 8.24601e-15 2.4796e-17 1.15196e-19 7.6474e-16 1.55351e-13 5.09296e-15 1.34078e-11 1.01832e-16 1.46088e-12 4.87103e-13 1.43996e-18 1.81169e-15 2.69912e-14 6.77626e-21 3.78934e-12 0 4.40457e-19 0 3.38813e-21 0 0 7.08207e-13 3.38813e-21 1.69407e-21 3.06346e-16 -1.52466e-20 4.23516e-20
0.0388889  2421.19 6.79617e-06 0.000149997 8.11077e-05 0.00447413 0.00157638 0.0882086 0.71929 1.78622e-06 2.94957e-07 0.0102067 0.176005 1.91637e-10 6.95571e-09 3.44767e-15 4.42744e-15 2.00547e-16 2.50722e-19 1.08152e-14 1.47404e-14 6.86161e-15 3.4895e-16 5.86147e-19 -1.69407e-21 1.82468e-17 5.59484e-15 1.72412e-16 5.65291e-13 3.80487e-18 6.18593e-14 2.03373e-14 1.52466e-20 4.61599e-17 7.03396e-16 -1.69407e-21 1.5481e-13 0 1.35525e-20 0 0 -3.38813e-21 0 1.70275e-14 0 0 3.16282e-18 -1.69407e-21 1.69407e-21
0.0444444  2420.77 6.47482e-06 0.000143171 8.05717e-05 0.00462194 0.0015696 0.0880417 0.719307 1.80611e-06 2.93155e-07 0.00976764 0.176459 1.7504e-10 6.35201e-09 4.74571e-16 3.17465e-15 1.72546e-16 2.5411e-20 1.0381e-15 1.52378e-15 3.76913e-16 2.18941e-17 1.35525e-20 0 4.23516e-19 1.95204e-16 5.77338e-18 2.16099e-14 1.37219e-19 2.39449e-15 7.7781e-16 1.69407e-21 1.19093e-18 1.82586e-17 -3.38813e-21 5.82232e-15 0 1.69407e-21 0 1.69407e-21 3.38813e-21 0 3.922e-16 0 0 3.38813e-20 0 0
0.0555556  2419.24 6.1066e-06 0.000134321 8.09718e-05 0.00491102 0.00156952 0.0877447 0.719345 1.86197e-06 2.95308e-07 0.00920427 0.177002 1.54809e-10 5.66417e-09 3.00559e-16 2.64536e-15 1.44622e-16 1.52466e-20 5.34205e-16 8.25945e-16 1.05998e-16 7.75882e-18 -1.69407e-21 -3.38813e-21 3.38813e-21 3.33562e-18 9.65618e-20 3.83018e-16 3.38813e-21 4.84164e-17 1.46774e-17 0 1.52466e-20 2.38863e-19 0 1.03485e-16 0 0 1.69407e-21 0 0 0 4.40796e-18 0 0 1.69407e-21 -6.77626e-21 0
0.0722222  2418.07 5.88965e-06 0.000128959 8.13836e-05 0.00511543 0.00157051 0.087529 0.719375 1.90232e-06 2.97314e-07 0.00886419 0.177328 1.43182e-10 5.27358e-09 2.65192e-16 2.37314e-15 1.29486e-16 1.52466e-20 4.57267e-16 7.12024e-16 8.955e-17 6.63227e-18 3.38813e-21 0 0 3.04932e-20 -3.38813e-21 4.34189e-18 0 5.17876e-18 8.72444e-19 3.38813e-21 -1.69407e-21 1.69407e-21 0 1.19262e-18 0 0 0 0 -3.38813e-21 0 1.25361e-19 0 0 -3.38813e-21 0 0
0.0972222  2417.69 5.81421e-06 0.000127112 8.15128e-05 0.00518822 0.00157069 0.0874483 0.719385 1.91634e-06 2.97928e-07 0.00874736 0.177444 1.39288e-10 5.14155e-09 2.54276e-16 2.2838e-15 1.24517e-16 1.52466e-20 4.34675e-16 6.78129e-16 8.55944e-17 6.33919e-18 0 0 0 1.69407e-21 0 5.42101e-20 1.69407e-21 4.44692e-18 6.77626e-19 0 -1.69407e-21 0 -3.38813e-21 8.47033e-21 0 0 0 0 0 0 8.47033e-21 0 0 3.38813e-21 0 0
0.134722  2417.63 5.79927e-06 0.000126756 8.15281e-05 0.00520166 0.00157065 0.0874327 0.719386 1.91881e-06 2.97996e-07 0.00872487 0.177468 1.38544e-10 5.11584e-09 2.52196e-16 2.26666e-15 1.23565e-16 1.18585e-20 4.3046e-16 6.7176e-16 8.48659e-17 6.2816e-18 0 0 0 0 0 2.20229e-20 0 4.39271e-18 6.64074e-19 -3.38813e-21 0 0 0 0 3.38813e-21 0 3.38813e-21 0 3.38813e-21 0 -1.69407e-21 0 0 0 0 0
0.190972  2417.63 5.79755e-06 0.000126717 8.15278e-05 0.00520297 0.00157064 0.0874311 0.719386 1.91904e-06 2.97994e-07 0.0087224 0.177471 1.38463e-10 5.11293e-09 2.51965e-16 2.26475e-15 1.23458e-16 1.18585e-20 4.30005e-16 6.7106e-16 8.4788e-17 6.2799e-18 0 0 0 0 3.38813e-21 2.20229e-20 0 4.38932e-18 6.64074e-19 0 0 0 0 0 0 0 3.38813e-21 0 0 0 0 0 0 0 0 0
0.275347  2417.63 5.79755e-06 0.000126717 8.15278e-05 0.00520297 0.00157064 0.0874311 0.719386 1.91904e-06 2.97994e-07 0.0087224 0.177471 1.38463e-10 5.11293e-09 2.51965e-16 2.26475e-15 1.23458e-16 1.18585e-20 4.30005e-16 6.7106e-16 8.4788e-17 6.2799e-18 0 0 0 0 3.38813e-21 2.20229e-20 0 4.38932e-18 6.64074e-19 0 0 0 0 0 0 0 3.38813e-21 0 0 0 0 0 0 0 0 0
