TITLE="Graphics"
VARIABLES= "x", "T", "Y_H", "Y_H2", "Y_O", "Y_O2", "Y_OH", "Y_H2O", "Y_N2", "Y_HO2", "Y_H2O2", "Y_CO", "Y_CO2", "Y_CH2O", "Y_HCO", "Y_CH3OH", "Y_CH2OH", "Y_CH3O", "Y_CH3O2", "Y_CH4", "Y_CH3", "Y_CH2", "Y_CH2(S)", "Y_C2H6", "Y_C2H5O2", "Y_C2H5", "Y_C2H4", "Y_C2H3", "Y_C2H2", "Y_CH2CHO", "Y_CH2CO", "Y_HCCO", "Y_NC3H7", "Y_C3H6", "Y_C3H5-A", "Y_C3H5O", "Y_C3H4-A", "Y_NC3H7O2", "Y_C2H3CHO", "Y_NC7H16", "Y_C7H15", "Y_C7H15O2", "Y_C7H14OOH", "Y_C7H14", "Y_C7H14OOHO2", "Y_NC7KET", "Y_C7H14O", "Y_NC3H7CHO", "Y_NC3H7CO"
-0.123611  500 0 0 0 0.218435 0 0 0.719386 0 0 0 0 0 0 0 0 0 0 0 0 0 0 0 0 0 0 0 0 0 0 0 0 0 0 0 0 0 0 0.0621786 0 0 0 0 0 0 0 0 0
-0.0861111  500 0 1.78945e-14 0 0.218435 1.69407e-21 7.90459e-15 0.719386 8.6438e-17 6.96041e-17 3.15567e-16 1.1291e-15 4.1386e-18 0 9.99499e-20 0 0 1.98206e-19 2.58853e-18 0 0 0 2.49028e-19 1.35525e-19 0 1.11968e-16 0 5.28549e-19 6.77626e-21 7.38613e-19 0 0 1.25818e-17 1.38913e-19 0 2.71051e-20 1.69407e-21 2.15146e-19 0.0621786 0 1.86554e-16 1.69407e-21 1.22142e-18 3.21889e-17 2.50383e-18 8.97855e-20 4.06576e-20 0
-0.0611111  500 0 5.51549e-12 0 0.218435 3.38813e-21 7.47209e-12 0.719386 3.65727e-14 8.26895e-14 3.62188e-13 1.61878e-12 6.78958e-15 0 1.69618e-16 0 0 3.52666e-16 3.03994e-15 0 0 0 4.17157e-16 2.57188e-16 0 1.4584e-13 0 7.06105e-16 2.25717e-17 1.39889e-15 0 0 2.1877e-14 2.58001e-16 1.69407e-21 5.48759e-17 7.28448e-19 6.13587e-16 0.0621786 1.69407e-21 3.38523e-16 3.38813e-21 4.1654e-15 5.7256e-17 5.4244e-18 3.23096e-16 1.08752e-16 -1.69407e-21
-0.0444444  500 0 6.50968e-10 2.03288e-20 0.218435 2.46487e-18 2.67794e-09 0.719386 1.50473e-11 3.75132e-11 1.58806e-10 8.76521e-10 4.37446e-12 0 1.11285e-13 0 1.60936e-19 2.27222e-13 1.41117e-12 0 0 0 2.67941e-13 1.76752e-13 0 7.3492e-11 0 3.62226e-13 1.79623e-14 1.04429e-12 0 0 1.46238e-11 1.78993e-13 4.72644e-19 4.42809e-14 6.71514e-16 6.75508e-13 0.0621786 3.13402e-19 1.57009e-13 2.21584e-18 5.49829e-12 2.99895e-14 3.64244e-15 4.48371e-13 1.00682e-13 0
-0.0333333  500.004 1.86347e-20 2.88099e-08 4.79743e-17 0.218435 8.00551e-16 3.51876e-07 0.719386 2.2336e-09 6.2806e-09 2.58855e-08 1.72642e-07 1.08579e-09 4.57398e-20 2.84883e-11 0 6.46772e-16 5.46795e-11 2.54794e-10 8.2501e-19 0 0 6.52437e-11 4.27246e-11 6.26804e-20 1.39385e-08 2.71051e-20 7.01468e-11 5.54091e-12 3.00622e-10 0 1.69407e-21 3.64093e-09 4.58569e-11 2.27037e-15 1.40369e-11 2.27516e-13 2.90205e-10 0.0621786 7.97905e-17 7.09455e-11 1.00235e-15 2.72526e-09 1.4719e-11 1.813e-12 2.32413e-10 3.39368e-11 0
-0.0222222  500.42 1.15967e-16 8.29071e-07 9.5149e-14 0.21839 2.37116e-13 2.90554e-05 0.719376 2.01049e-07 6.64061e-07 2.73006e-06 2.10626e-05 1.80691e-07 1.61106e-16 4.99727e-09 1.15196e-19 2.0064e-12 8.37686e-09 3.14672e-08 6.99395e-15 5.0822e-21 0 1.05065e-08 5.96209e-09 2.34831e-17 1.72019e-06 1.01602e-16 9.00491e-09 1.15849e-09 5.82372e-08 3.07642e-18 4.01494e-19 5.79124e-07 7.3106e-09 7.9462e-12 3.0657e-09 4.67826e-11 8.50489e-08 0.0621762 2.00476e-14 2.27116e-08 3.25396e-13 8.76085e-07 4.81349e-09 6.20867e-10 7.73908e-08 7.02726e-09 1.60496e-17
-0.0111111  528.077 9.18175e-13 1.71364e-05 1.84043e-10 0.215428 3.63878e-10 0.00163792 0.718879 1.14087e-05 4.80778e-05 0.000212375 0.00170635 2.26494e-05 1.22778e-12 6.86511e-07 2.47746e-14 4.5721e-09 8.58964e-07 3.05758e-06 5.16438e-11 1.08175e-15 3.44573e-18 1.26714e-06 4.65032e-07 5.31067e-12 0.000153246 1.17308e-12 8.84469e-07 1.87573e-07 8.59133e-06 7.91637e-13 2.0791e-13 6.39443e-05 7.48421e-07 1.6043e-08 5.27114e-07 5.97713e-09 1.93751e-05 0.0615553 3.46845e-11 5.50725e-06 1.84413e-10 0.000202456 1.1436e-06 1.7913e-07 1.81339e-05 9.27727e-07 7.95156e-13
0  1153.37 3.87041e-08 0.000161905 4.05382e-07 0.144286 3.89812e-06 0.0345545 0.718758 0.000437621 0.00118981 0.00803234 0.0485738 0.00119736 2.07568e-07 4.44476e-05 4.73501e-09 1.6004e-07 5.52862e-06 0.000148928 6.05435e-06 2.49259e-10 2.7992e-11 6.92573e-05 1.58393e-05 1.33347e-05 0.00567879 3.27989e-07 4.27787e-05 1.77798e-05 0.000569718 1.36706e-07 2.82884e-07 0.0025746 5.92581e-05 2.60258e-08 4.3281e-05 2.3412e-07 0.0020039 0.0112099 2.19034e-05 6.36533e-06 1.76642e-07 0.0186607 5.44372e-09 2.44656e-07 0.00157723 3.26053e-05 4.12979e-09
0.0111111  2266.55 1.8692e-05 0.000173174 0.000364052 0.0201702 0.00278315 0.0787886 0.721628 1.16118e-05 1.84876e-06 0.0127804 0.1631 6.21811e-06 2.89149e-07 8.90956e-07 1.95535e-07 9.95481e-10 3.34596e-10 9.30663e-07 2.64857e-06 8.88069e-07 4.73548e-08 2.19879e-08 1.06401e-08 2.15882e-07 1.21607e-05 7.49816e-07 5.66213e-05 2.55151e-08 8.1106e-06 3.852e-06 1.3741e-07 1.36628e-06 4.27907e-06 6.17534e-12 1.62574e-05 1.2239e-11 9.17166e-07 1.81882e-07 2.72512e-09 3.23574e-13 1.5232e-13 6.08038e-05 1.97625e-16 3.60371e-12 2.08146e-06 1.01838e-08 5.66391e-10
0.0222222  2392.72 7.07256e-06 0.000111245 0.00014808 0.01087 0.00202763 0.0834583 0.720388 3.61812e-06 5.50251e-07 0.00805244 0.174932 4.50075e-08 6.84706e-09 3.97736e-09 1.05848e-09 4.45401e-12 6.93823e-13 8.16748e-09 1.54172e-08 7.54195e-09 3.71999e-10 1.59093e-11 1.04704e-11 3.93595e-10 3.28768e-08 1.51778e-09 6.23032e-07 2.4736e-11 8.04295e-08 2.98811e-08 2.97797e-11 1.42607e-09 1.35167e-08 5.60116e-15 2.28158e-07 9.74835e-16 1.5857e-10 1.52671e-12 2.05644e-14 3.54263e-17 7.91823e-17 2.74358e-07 0 5.55772e-17 3.95235e-09 4.78342e-12 7.03879e-13
0.0333333  2436.96 6.75541e-06 0.000123719 0.00011636 0.00754942 0.00188004 0.0856743 0.719788 2.73295e-06 3.92796e-07 0.00876471 0.176094 5.43447e-10 5.81298e-09 3.06252e-11 9.37951e-12 3.88105e-14 3.89056e-15 8.50469e-11 1.40627e-10 7.96226e-11 4.02171e-12 5.0837e-14 1.17676e-14 1.70426e-12 1.6552e-10 6.77645e-12 6.19105e-09 9.94394e-14 7.35759e-10 2.64606e-10 4.61774e-14 3.83559e-12 5.42111e-11 1.66239e-17 2.28302e-09 9.21572e-19 2.08277e-14 1.02525e-17 9.91029e-18 1.11808e-19 1.79571e-19 1.33585e-09 0 -1.69407e-21 8.20903e-12 2.53624e-15 1.30943e-15
0.0444444  2453.13 7.21177e-06 0.0001374 0.000110324 0.00643223 0.00186127 0.0866287 0.719519 2.48081e-06 3.59736e-07 0.00962782 0.175674 1.69292e-10 6.65629e-09 2.72813e-13 9.09742e-14 5.36221e-16 2.99816e-17 8.41524e-13 1.32883e-12 7.81858e-13 4.0134e-14 2.37146e-16 1.40082e-17 8.23355e-15 1.0511e-12 4.00282e-14 5.71574e-11 6.45283e-16 6.53448e-12 2.37095e-12 9.6533e-17 1.61038e-14 2.57251e-13 7.11508e-20 1.98026e-11 1.69407e-21 6.58992e-18 0 4.06576e-20 1.69407e-21 0 6.57593e-12 0 0 1.7326e-14 1.47045e-18 2.70373e-18
0.0555556  2458.36 7.46194e-06 0.000143435 0.000109356 0.00611337 0.00186315 0.0869653 0.719419 2.41469e-06 3.52619e-07 0.0100067 0.175369 1.79572e-10 7.1038e-09 2.58669e-15 4.10662e-15 1.94369e-16 2.57498e-19 7.77453e-15 1.21682e-14 6.78046e-15 3.53897e-16 1.12655e-18 1.69407e-20 3.93006e-17 6.8313e-15 2.47083e-16 4.70599e-13 4.49266e-18 5.33002e-14 1.94196e-14 1.98206e-19 7.51166e-17 1.25809e-15 1.69407e-21 1.51745e-13 0 2.03288e-20 0 0 0 0 3.13839e-14 0 0 3.55567e-17 1.69407e-21 6.77626e-21
0.0722222  2459.87 7.55176e-06 0.000145377 0.000109327 0.00603418 0.00186581 0.0870652 0.71939 2.4005e-06 3.51378e-07 0.0101278 0.175252 1.84135e-10 7.25977e-09 3.64261e-16 3.48854e-15 1.98085e-16 2.37169e-20 6.64851e-16 1.15799e-15 1.91333e-16 1.38354e-17 3.38813e-21 0 1.20279e-19 2.84044e-17 9.91029e-19 2.28989e-15 2.03288e-20 2.67107e-16 9.57927e-17 0 2.35475e-19 4.03357e-18 0 6.9485e-16 0 0 0 0 0 0 9.57215e-17 0 0 4.74338e-20 0 0
0.0972222  2460.1 7.56628e-06 0.000145669 0.000109352 0.00602416 0.00186645 0.0870794 0.719386 2.39903e-06 3.51279e-07 0.010146 0.175232 1.84831e-10 7.28427e-09 3.55215e-16 3.50269e-15 1.99121e-16 2.20229e-20 6.33943e-16 1.11126e-15 1.59859e-16 1.22345e-17 0 0 0 7.6233e-20 1.69407e-21 6.86944e-18 1.69407e-21 8.13152e-18 1.55346e-18 0 1.69407e-21 8.47033e-21 0 1.97359e-18 0 0 0 0 0 0 1.89735e-19 0 0 0 0 0
0.134722  2460.1 7.56628e-06 0.000145669 0.000109352 0.00602416 0.00186645 0.0870794 0.719386 2.39903e-06 3.51279e-07 0.010146 0.175232 1.84831e-10 7.28427e-09 3.55215e-16 3.50269e-15 1.99121e-16 2.20229e-20 6.33943e-16 1.11126e-15 1.59859e-16 1.22345e-17 0 0 0 7.6233e-20 1.69407e-21 6.86944e-18 1.69407e-21 8.13152e-18 1.55346e-18 0 1.69407e-21 8.47033e-21 0 1.97359e-18 0 0 0 0 0 0 1.89735e-19 0 0 0 0 0
