TITLE="Graphics"
VARIABLES= "x", "T", "Y_H", "Y_H2", "Y_O", "Y_O2", "Y_OH", "Y_H2O", "Y_N2", "Y_HO2", "Y_H2O2", "Y_CO", "Y_CO2", "Y_CH2O", "Y_HCO", "Y_CH3OH", "Y_CH2OH", "Y_CH3O", "Y_CH3O2", "Y_CH4", "Y_CH3", "Y_CH2", "Y_CH2(S)", "Y_C2H6", "Y_C2H5O2", "Y_C2H5", "Y_C2H4", "Y_C2H3", "Y_C2H2", "Y_CH2CHO", "Y_CH2CO", "Y_HCCO", "Y_NC3H7", "Y_C3H6", "Y_C3H5-A", "Y_C3H5O", "Y_C3H4-A", "Y_NC3H7O2", "Y_C2H3CHO", "Y_NC7H16", "Y_C7H15", "Y_C7H15O2", "Y_C7H14OOH", "Y_C7H14", "Y_C7H14OOHO2", "Y_NC7KET", "Y_C7H14O", "Y_NC3H7CHO", "Y_NC3H7CO"
-0.930557  500 0 0 0 0.218435 0 0 0.719386 0 0 0 0 0 0 0 0 0 0 0 0 0 0 0 0 0 0 0 0 0 0 0 0 0 0 0 0 0 0 0.0621786 0 0 0 0 0 0 0 0 0
-0.690286  500 0 0 0 0.218435 3.04932e-20 4.29577e-15 0.719386 1.77017e-15 5.3026e-17 0 0 0 0 0 0 0 2.21923e-19 0 0 0 0 0 0 0 0 0 0 0 1.98206e-19 0 0 0 0 0 0 0 0 0.0621786 3.38813e-21 3.62958e-15 5.0822e-20 8.12643e-18 4.71856e-15 3.47933e-14 2.20059e-18 3.40507e-19 0
-0.530105  500 0 0 0 0.218435 5.0822e-20 9.19477e-15 0.719386 2.92903e-15 1.11478e-16 0 0 0 0 0 0 0 5.38713e-19 0 0 0 0 0 0 0 0 0 0 0 4.81115e-19 0 0 0 0 0 0 0 0 0.0621786 5.0822e-21 5.96146e-15 8.47033e-20 1.70237e-17 8.07917e-15 7.44994e-14 4.60955e-18 8.26704e-19 0
-0.423318  500 0 0 0 0.218435 6.60686e-20 1.33786e-14 0.719386 3.69229e-15 1.60589e-16 0 0 0 0 0 0 0 8.47033e-19 0 0 0 0 0 0 0 0 0 0 0 7.57247e-19 0 0 0 0 0 0 0 0 0.0621786 5.0822e-21 7.52689e-15 1.06726e-19 2.45114e-17 1.03525e-14 1.08416e-13 6.63904e-18 1.29765e-18 0
-0.352127  500 0 8.47033e-21 0 0.218435 7.45389e-20 1.65788e-14 0.719386 4.19702e-15 1.97803e-16 0 0 0 0 0 0 0 1.10114e-18 0 0 0 0 0 0 0 0 0 0 0 9.84252e-19 0 0 0 0 0 0 0 0 0.0621786 6.77626e-21 8.57763e-15 1.21973e-19 3.02001e-17 1.18797e-14 1.34361e-13 8.17895e-18 1.68729e-18 0
-0.304666  500 0 1.60936e-19 0 0.218435 8.13152e-20 1.88964e-14 0.719386 4.53169e-15 2.24592e-16 0 0 0 0 0 0 0 1.29427e-18 0 0 0 0 0 0 0 0 0 0 0 1.15705e-18 0 0 0 0 0 0 0 0 0.0621786 6.77626e-21 9.28142e-15 1.30443e-19 3.43048e-17 1.29027e-14 1.53149e-13 9.29026e-18 1.98206e-18 0
-0.257205  500 0 3.96581e-18 0 0.218435 8.80914e-20 2.13988e-14 0.719386 4.86456e-15 2.53351e-16 0 0 0 0 0 0 0 1.5128e-18 0 0 0 0 0 0 0 0 0 0 0 1.35186e-18 0 0 0 0 0 0 0 0 0.0621786 6.77626e-21 9.98853e-15 1.40607e-19 3.87213e-17 1.39307e-14 1.73433e-13 1.04863e-17 2.31748e-18 0
-0.193924  500 0 1.49332e-16 0 0.218435 9.65618e-20 2.50641e-14 0.719386 5.30521e-15 2.95157e-16 0 0 0 0 0 0 0 1.85331e-18 0 0 0 0 0 0 0 0 0 0 0 1.6568e-18 0 0 0 0 0 0 0 0 0.0621786 8.47033e-21 1.09372e-14 1.5416e-19 4.51689e-17 1.53098e-14 2.03153e-13 1.22328e-17 2.84095e-18 0
-0.151736  500 0 2.7994e-15 0 0.218435 1.03338e-19 2.76549e-14 0.719386 5.59757e-15 3.24563e-16 0 0 0 0 0 0 0 2.10572e-18 0 0 0 0 0 0 0 0 0 0 0 1.88041e-18 0 0 0 0 0 0 0 0 0.0621786 8.47033e-21 1.15723e-14 1.64324e-19 4.97158e-17 1.62331e-14 2.24161e-13 1.34644e-17 3.2255e-18 0
-0.123611  500 0 3.5596e-14 0 0.218435 1.06726e-19 2.94477e-14 0.719386 5.79185e-15 3.44846e-16 0 0 0 0 0 0 0 2.2836e-18 0 0 0 0 0 0 0 0 0 0 0 2.03966e-18 0 0 0 0 0 0 0 0 0.0621786 8.47033e-21 1.19968e-14 1.69407e-19 5.28599e-17 1.68503e-14 2.38699e-13 1.43149e-17 3.49825e-18 0
-0.104861  500 0 3.13473e-13 0 0.218435 1.10114e-19 3.06725e-14 0.719386 5.9211e-15 3.58673e-16 1.69407e-21 0 0 0 0 0 0 2.40727e-18 0 0 0 0 0 0 0 0 0 0 0 2.15146e-18 0 0 0 0 0 0 0 0 0.0621786 8.47033e-21 1.22803e-14 1.72795e-19 5.50046e-17 1.72625e-14 2.48628e-13 1.48959e-17 3.68798e-18 0
-0.0861111  500 0 3.1943e-12 0 0.218435 1.11808e-19 3.19302e-14 0.719386 6.05007e-15 3.72801e-16 6.43745e-20 0 0 0 0 0 0 2.53602e-18 8.47033e-21 0 0 0 0 0 0 3.38813e-21 0 0 0 2.26666e-18 0 0 0 0 0 0 0 0 0.0621786 8.47033e-21 1.25643e-14 1.77877e-19 5.71984e-17 1.76754e-14 2.58795e-13 1.54905e-17 3.88619e-18 0
-0.0611111  500 0 4.90129e-11 0 0.218435 1.15196e-19 3.38231e-14 0.719386 6.22159e-15 3.92263e-16 3.54907e-18 3.55754e-20 1.69407e-21 0 0 0 0 2.71728e-18 4.21822e-19 0 0 0 0 0 0 2.40557e-19 0 1.52466e-20 0 2.4276e-18 0 0 0 0 0 0 0 0 0.0621786 1.01644e-20 1.29439e-14 1.82959e-19 6.02139e-17 1.82273e-14 2.72773e-13 1.63071e-17 4.16401e-18 0
-0.0527778  500 0 1.91455e-10 0 0.218435 1.16891e-19 3.59323e-14 0.719386 6.27915e-15 3.99818e-16 4.09083e-17 5.13302e-19 3.55754e-20 0 6.77626e-21 0 0 2.77827e-18 4.4537e-18 0 0 0 1.69407e-21 0 0 2.94259e-18 0 1.91429e-19 0 2.4835e-18 0 0 3.38813e-21 0 0 0 0 0 0.0621786 1.01644e-20 1.30706e-14 1.84653e-19 6.12286e-17 1.84115e-14 2.77479e-13 1.65815e-17 4.25719e-18 0
-0.0444444  500 0 9.26915e-10 0 0.218435 1.18585e-19 5.79577e-14 0.719386 6.34385e-15 4.23727e-16 6.60465e-16 1.04812e-17 6.92873e-19 0 1.21973e-19 0 0 2.85281e-18 6.54756e-17 0 0 0 2.5411e-20 0 0 5.04679e-17 0 3.47114e-18 0 2.56143e-18 0 0 8.47033e-20 0 0 1.69407e-21 0 0 0.0621786 1.01644e-20 1.31973e-14 1.86347e-19 6.22518e-17 1.85957e-14 2.82233e-13 1.68593e-17 4.35375e-18 0
-0.0388889  500 0 3.11827e-09 0 0.218435 1.18585e-19 2.27779e-13 0.719386 6.45314e-15 5.90436e-16 6.43726e-15 1.27243e-16 8.19589e-18 0 1.46876e-18 0 0 3.04762e-18 5.85293e-16 0 0 0 3.28649e-19 0 0 5.20166e-16 0 3.76303e-17 0 2.87822e-18 0 0 1.1418e-18 1.69407e-21 0 3.55754e-20 0 1.69407e-21 0.0621786 1.01644e-20 1.32821e-14 1.88041e-19 6.29396e-17 1.87187e-14 2.85423e-13 1.70457e-17 4.41812e-18 0
-0.0333333  500 0 1.13917e-08 0 0.218435 1.18585e-19 1.86879e-12 0.719386 7.30178e-15 2.45107e-15 7.22285e-14 1.79179e-15 1.12322e-16 0 2.05117e-17 0 0 5.42101e-18 6.00301e-15 0 0 0 4.91957e-18 8.47033e-21 0 6.18471e-15 0 4.71442e-16 0 7.41662e-18 0 0 1.80164e-17 1.52466e-20 0 5.79371e-19 0 1.86347e-20 0.0621786 1.01644e-20 1.33693e-14 1.89735e-19 6.36325e-17 1.88425e-14 2.88634e-13 1.7232e-17 4.48419e-18 0
-0.0277778  500 0 4.26281e-08 0 0.218435 1.20279e-19 1.77557e-11 0.719386 1.65596e-14 2.36849e-14 8.21517e-13 2.55214e-14 1.55753e-15 0 2.89939e-16 0 0 4.11539e-17 6.24684e-14 0 0 0 7.45338e-17 1.6263e-19 0 7.44989e-14 0 5.98064e-15 1.18585e-20 7.98667e-17 0 0 2.87415e-16 2.42251e-19 0 9.54267e-18 0 4.11658e-19 0.0621786 1.01644e-20 1.34814e-14 1.89735e-19 6.43372e-17 1.89732e-14 2.91868e-13 1.74218e-17 4.59431e-18 0
-0.025  500 0 9.07573e-08 0 0.218435 1.20279e-19 7.74289e-11 0.719386 5.70537e-14 1.17391e-13 4.11526e-12 1.55346e-13 9.26005e-15 0 1.75302e-15 0 0 2.50634e-16 2.90215e-13 0 0 0 4.79068e-16 1.30612e-18 0 3.91988e-13 0 3.29059e-14 1.43996e-19 5.25826e-16 0 0 1.93391e-15 1.66018e-18 0 6.61262e-17 3.38813e-21 3.60497e-18 0.0621786 1.01644e-20 1.36071e-14 1.93124e-19 6.47726e-17 1.90522e-14 2.93492e-13 1.752e-17 5.00935e-18 0
-0.0222222  500 0 2.05678e-07 0 0.218435 1.21973e-19 3.9618e-10 0.719386 3.07413e-13 7.00159e-13 2.45182e-11 1.14564e-12 6.65637e-14 0 1.2834e-14 0 0 1.95943e-15 1.59091e-12 0 0 0 3.74829e-15 1.2924e-17 0 2.46519e-12 0 2.17338e-13 1.82112e-18 4.33618e-15 0 0 1.59e-14 1.38795e-17 0 5.61207e-16 3.38813e-20 3.93803e-17 0.0621786 1.18585e-20 1.41542e-14 1.999e-19 6.6426e-17 1.92118e-14 2.95133e-13 1.76725e-17 9.57994e-18 0
-0.0194444  500 0 4.80079e-07 0 0.218435 1.28749e-19 2.09883e-09 0.719386 1.85577e-12 4.32455e-12 1.50903e-10 8.69958e-12 4.92879e-13 0 9.67591e-14 0 0 1.58998e-14 9.01945e-12 0 0 0 3.01683e-14 1.31046e-16 0 1.60032e-11 0 1.48065e-12 2.31308e-17 3.68937e-14 0 0 1.34365e-13 1.19284e-16 0 4.89301e-15 3.98105e-19 4.40166e-16 0.0621786 2.5411e-20 1.72545e-14 2.43945e-19 8.67057e-17 1.98424e-14 2.96841e-13 1.86466e-17 6.35292e-17 0
-0.0166667  500 0 1.13529e-06 0 0.218435 1.82959e-19 1.11938e-08 0.719385 1.14322e-11 2.68658e-11 9.3379e-10 6.63208e-11 3.66446e-12 0 7.32389e-13 0 0 1.29627e-13 5.14452e-11 0 0 0 2.4368e-13 1.33201e-15 0 1.04406e-10 0 1.01341e-11 2.93705e-16 3.15081e-13 0 0 1.13923e-12 1.02841e-15 0 4.2795e-14 4.75355e-18 4.93e-15 0.0621787 1.10114e-19 3.49195e-14 4.92973e-19 3.9425e-16 2.29158e-14 2.98847e-13 3.27209e-17 7.04237e-16 0
-0.0152778  500 0 1.80387e-06 0 0.218435 3.79471e-19 3.05489e-08 0.719385 3.48404e-11 8.22552e-11 2.85024e-09 2.38349e-10 1.2909e-11 0 2.61714e-12 0 0 4.91769e-13 1.47612e-10 1.69407e-21 0 0 9.17428e-13 6.06099e-15 0 3.31933e-10 0 3.34437e-11 1.61586e-15 1.24122e-12 0 0 4.46118e-12 4.08256e-15 0 1.71894e-13 2.48282e-17 2.43529e-14 0.0621788 3.20178e-19 6.78518e-14 9.58841e-19 2.21345e-15 2.7456e-14 3.00189e-13 1.19552e-16 3.63924e-15 0
-0.0138889  500 0 2.93638e-06 0 0.218435 1.47553e-18 9.19209e-08 0.719383 1.18925e-10 2.82203e-10 9.74418e-09 9.80476e-10 5.19185e-11 0 1.06969e-11 0 0 2.15004e-12 4.70311e-10 1.01644e-20 0 0 3.97674e-12 3.24656e-14 0 1.18858e-09 0 1.24932e-10 9.48188e-15 5.66102e-12 0 0 2.02111e-11 1.87809e-14 6.77626e-21 8.01235e-13 1.54849e-16 1.42857e-13 0.062179 1.10623e-18 1.89726e-13 2.68001e-18 1.72003e-14 4.31433e-14 3.02968e-13 8.72505e-16 2.25448e-14 0
-0.0125  500.001 0 4.85476e-06 0 0.218434 7.79779e-18 2.86523e-07 0.719381 4.20964e-10 1.00399e-09 3.45435e-08 4.18202e-09 2.16527e-10 0 4.5334e-11 0 1.18585e-20 9.7434e-12 1.55317e-09 4.74338e-20 0 0 1.78683e-11 1.79898e-13 0 4.41386e-09 0 4.84015e-10 5.6155e-14 2.67535e-11 0 0 9.48844e-11 8.95184e-14 1.05032e-19 3.86918e-12 9.97027e-16 8.65887e-13 0.0621792 4.1098e-18 6.63993e-13 9.38004e-18 1.40698e-13 1.03616e-13 3.1366e-13 7.41238e-15 1.44324e-13 0
-0.0111111  500.003 1.69407e-21 8.10438e-06 1.69407e-21 0.218434 4.49368e-17 9.03581e-07 0.719378 1.50593e-09 3.60956e-09 1.23754e-07 1.79935e-08 9.11122e-10 0 1.93821e-10 0 2.57498e-19 4.45142e-11 5.18688e-09 2.21923e-19 0 0 8.09465e-11 1.00311e-12 1.69407e-21 1.65572e-08 0 1.89339e-09 3.32988e-13 1.27412e-10 0 0 4.48924e-10 4.29952e-13 1.89566e-18 1.8825e-11 6.45204e-15 5.27726e-12 0.0621797 1.59886e-17 2.60088e-12 3.67443e-17 1.15843e-12 3.53266e-13 3.77113e-13 6.4241e-14 9.2875e-13 0
-0.00972222  500.012 3.89635e-20 1.36092e-05 2.87991e-20 0.218432 2.68306e-16 2.86022e-06 0.719371 5.40336e-09 1.30154e-08 4.4467e-07 7.75765e-08 3.84203e-09 0 8.3037e-10 0 5.20586e-18 2.03735e-10 1.73805e-08 1.14858e-18 0 0 3.67369e-10 5.59994e-12 8.47033e-21 6.22777e-08 0 7.42515e-09 1.97486e-12 6.07782e-10 0 0 2.12748e-09 2.06837e-12 3.27819e-17 9.17322e-11 4.17876e-14 3.21917e-11 0.0621804 6.54875e-17 1.09661e-11 1.54977e-16 9.54561e-12 1.44439e-12 8.47431e-13 5.58128e-13 5.98147e-12 0
-0.00902778  500.025 1.93124e-19 1.77943e-05 2.0837e-19 0.21843 8.07753e-16 5.43141e-06 0.719364 1.11411e-08 2.69238e-08 9.17697e-07 1.81415e-07 8.84594e-09 3.38813e-21 1.93325e-09 0 3.73643e-17 4.97064e-10 3.42491e-08 3.38813e-18 0 0 8.90885e-10 1.58027e-11 2.37169e-20 1.32545e-07 1.69407e-21 1.62586e-08 5.83173e-12 1.52749e-09 0 0 5.32166e-09 5.23042e-12 1.95255e-16 2.34124e-10 1.32059e-13 9.71335e-11 0.0621811 1.5435e-16 2.6369e-11 3.72825e-16 3.65138e-11 3.45355e-12 2.3711e-12 2.22958e-12 1.88177e-11 0
-0.00833333  500.055 1.1147e-18 2.34317e-05 1.44673e-18 0.218426 2.67728e-15 1.07934e-05 0.719355 2.43164e-08 5.89812e-08 2.00501e-06 4.57307e-07 2.19046e-08 2.71051e-20 4.84859e-09 0 2.83083e-16 1.31536e-09 7.09862e-08 1.31866e-17 0 0 2.34119e-09 4.9399e-11 8.63974e-20 2.99957e-07 1.69407e-20 3.80102e-08 1.83807e-11 4.1818e-09 0 1.69407e-21 1.44906e-08 1.44214e-11 1.29822e-15 6.52376e-10 4.69657e-13 3.27704e-10 0.0621819 4.06489e-16 8.15466e-11 1.15418e-15 1.61117e-10 1.12146e-11 9.98891e-12 1.03289e-11 6.65751e-11 0
-0.00763889  500.124 6.84911e-18 3.10255e-05 1.02864e-17 0.218417 9.50636e-15 2.19749e-05 0.719339 5.4573e-08 1.32865e-07 4.50423e-06 1.1903e-06 5.59812e-08 1.94818e-19 1.25545e-08 1.69407e-21 2.233e-15 3.59825e-09 1.50991e-07 6.73154e-17 0 0 6.35877e-09 1.60066e-10 3.6253e-19 6.98797e-07 1.15196e-19 9.15697e-08 5.90691e-11 1.18418e-08 1.69407e-21 3.38813e-21 4.08084e-08 4.11401e-11 9.13232e-15 1.88085e-09 1.73263e-12 1.14626e-09 0.0621832 1.17949e-15 3.0104e-10 4.27101e-15 7.36787e-10 4.43804e-11 4.86127e-11 4.95725e-11 2.44243e-10 3.38813e-21
-0.00694444  500.286 4.31716e-17 4.12539e-05 7.39121e-17 0.218398 3.6638e-14 4.52889e-05 0.719313 1.24071e-07 3.0312e-07 1.02482e-05 3.13746e-06 1.44889e-07 1.41963e-18 3.29204e-08 1.18585e-20 1.78351e-14 9.96745e-09 3.25204e-07 4.20809e-16 0 0 1.74867e-08 5.24896e-10 1.89227e-18 1.64887e-06 8.45339e-19 2.23434e-07 1.90862e-10 3.39443e-08 2.03288e-20 1.35525e-20 1.16339e-07 1.18838e-10 6.57669e-14 5.48859e-09 6.46125e-12 4.05169e-09 0.0621852 3.83389e-15 1.24104e-09 1.77042e-14 3.39588e-09 1.93646e-10 2.45511e-10 2.39683e-10 9.05095e-10 5.59042e-20
-0.00625  500.662 2.75145e-16 5.5029e-05 5.32934e-16 0.218356 1.57182e-13 9.38838e-05 0.719268 2.83779e-07 6.95277e-07 2.34459e-05 8.30838e-06 3.76765e-07 1.05744e-17 8.67267e-08 1.4569e-19 1.42462e-13 2.77395e-08 7.04461e-07 2.93971e-15 0 0 4.8299e-08 1.7298e-09 1.22532e-17 3.91138e-06 6.29007e-18 5.47987e-07 6.1758e-10 9.76976e-08 2.60886e-19 6.60686e-20 3.33035e-07 3.44976e-10 4.76584e-13 1.608e-08 2.41977e-11 1.436e-08 0.0621883 1.44238e-14 5.45409e-09 7.8795e-14 1.56734e-08 8.8303e-10 1.25163e-09 1.16024e-09 3.36223e-09 8.85996e-19
-0.00555556  501.534 1.76329e-15 7.35728e-05 3.84465e-15 0.21826 7.6133e-13 0.000195093 0.719185 6.51182e-07 1.59763e-06 5.37499e-05 2.20301e-05 9.80953e-07 8.12999e-17 2.28767e-07 1.98545e-18 1.1293e-12 7.73397e-08 1.52956e-06 2.16044e-14 1.69407e-21 0 1.33551e-07 5.72563e-09 9.23266e-17 9.29543e-06 4.78997e-17 1.34621e-06 1.99869e-09 2.81438e-07 3.66765e-18 4.67562e-19 9.54238e-07 1.00461e-09 3.42512e-12 4.71488e-08 9.10014e-11 5.0898e-08 0.0621933 6.42118e-14 2.47554e-08 3.68198e-13 7.23066e-08 4.10228e-09 6.39597e-09 5.61345e-09 1.24899e-08 1.58565e-17
-0.00486111  503.552 1.13494e-14 9.85097e-05 2.77987e-14 0.21804 4.11785e-12 0.000405487 0.719031 1.49835e-06 3.66899e-06 0.000123225 5.8378e-05 2.55191e-06 6.61194e-16 6.03023e-07 3.01832e-17 8.8106e-12 2.15817e-07 3.32186e-06 1.62583e-13 4.06576e-20 0 3.69008e-07 1.90989e-08 7.55057e-16 2.20861e-05 3.80037e-16 3.30604e-06 6.46569e-09 8.0997e-07 5.76694e-17 6.13929e-18 2.73175e-06 2.93984e-09 2.39372e-11 1.38116e-07 3.44951e-10 1.80118e-07 0.0622011 3.34531e-13 1.13383e-07 1.8025e-12 3.32973e-07 1.91417e-08 3.26636e-08 2.71078e-08 4.63267e-08 3.08405e-16
-0.00416667  508.198 7.35288e-14 0.000131958 2.03525e-13 0.217538 2.41029e-11 0.000840952 0.718739 3.46181e-06 8.39768e-06 0.000281927 0.00015427 6.61646e-06 5.96682e-15 1.58483e-06 4.92765e-16 6.68269e-11 6.02567e-07 7.20107e-06 1.24388e-12 7.50471e-19 0 1.01664e-06 6.47486e-08 6.44526e-15 5.23527e-05 3.28211e-15 8.09857e-06 2.08928e-08 2.32357e-06 9.82821e-16 1.17409e-16 7.79625e-06 8.70302e-09 1.57517e-10 4.03313e-07 1.32974e-09 6.34811e-07 0.0622111 1.96839e-12 5.13561e-07 9.48572e-12 1.52682e-06 8.85781e-08 1.66115e-07 1.30331e-07 1.71165e-07 6.11507e-15
-0.00347222  518.783 4.83054e-13 0.000176559 1.54914e-12 0.216397 1.4705e-10 0.00173341 0.718179 8.06233e-06 1.90588e-05 0.000641481 0.000404928 1.7015e-05 6.33065e-14 4.1351e-06 8.1848e-15 4.83079e-10 1.68242e-06 1.55284e-05 9.72161e-12 1.49518e-17 0 2.78146e-06 2.26837e-07 5.6943e-14 0.000123337 3.33835e-14 1.97121e-05 6.73542e-08 6.61498e-06 1.75879e-14 2.57171e-15 2.20876e-05 2.652e-08 9.2222e-10 1.16895e-06 5.30333e-09 2.21678e-06 0.0622116 1.26896e-11 2.24877e-06 5.75534e-11 6.93427e-06 3.98118e-07 8.35402e-07 6.20461e-07 6.26841e-07 1.11924e-13
-0.00277778  542.383 3.27994e-12 0.000235265 1.29193e-11 0.213853 9.07306e-10 0.00352383 0.717125 1.90727e-05 4.24457e-05 0.00144161 0.00104716 4.29674e-05 8.10023e-13 1.06189e-05 1.29589e-13 3.22003e-09 4.68617e-06 3.30869e-05 7.87865e-11 3.3833e-16 3.55754e-20 7.4943e-06 8.42447e-07 5.40398e-13 0.000286615 4.38616e-13 4.73045e-05 2.163e-07 1.85209e-05 3.2453e-13 5.99224e-14 6.15809e-05 8.65118e-08 4.31507e-09 3.3332e-06 2.24472e-08 7.58832e-06 0.0621366 9.00379e-11 9.22224e-06 4.55672e-10 3.0847e-05 1.65542e-06 4.09164e-06 2.89149e-06 2.25202e-06 1.64673e-12
-0.00208333  592.828 2.41196e-11 0.000310575 1.28336e-10 0.208394 5.80406e-09 0.00696666 0.715253 4.6336e-05 9.09354e-05 0.00315915 0.00262796 0.000104535 1.238e-11 2.64106e-05 1.86888e-12 1.8728e-08 1.29076e-05 6.88017e-05 6.87467e-10 9.59114e-15 2.5411e-18 1.95786e-05 3.38249e-06 7.1267e-12 0.000647874 7.77252e-12 0.000110317 6.93094e-07 5.01471e-05 6.48584e-12 1.58294e-12 0.000166232 3.23918e-07 1.30587e-08 9.19701e-06 1.0239e-07 2.49507e-05 0.0616956 8.09295e-10 3.37865e-05 5.29231e-09 0.000131622 5.542e-06 1.8851e-05 1.29098e-05 7.78515e-06 1.71219e-11
-0.00138889  693.011 2.20364e-10 0.000403146 1.7053e-09 0.197483 4.53327e-08 0.013125 0.712371 0.000116316 0.000181415 0.00662103 0.00625622 0.000237811 2.40309e-10 6.21133e-05 2.64566e-11 8.75242e-08 3.43562e-05 0.000137051 1.03878e-08 3.93377e-13 4.42908e-16 4.84427e-05 1.43037e-05 6.11503e-10 0.00139501 1.88087e-10 0.000244659 2.26015e-06 0.000128047 1.74578e-10 7.74981e-11 0.000423927 1.50452e-06 2.13187e-08 2.39507e-05 4.8075e-07 7.62495e-05 0.0598275 2.41517e-08 0.000102496 8.33595e-08 0.000521742 8.69339e-06 7.36095e-05 5.34261e-05 2.51559e-05 1.34123e-10
-0.000694444  871.879 4.15936e-09 0.000511144 3.43891e-08 0.177828 4.14963e-07 0.0231131 0.709252 0.00029772 0.000321904 0.0130065 0.0138028 0.000488773 6.7165e-09 0.000134883 3.88979e-10 3.53809e-07 8.13518e-05 0.000256641 9.78767e-07 2.81476e-11 4.7209e-13 0.000110829 5.69356e-05 3.8536e-07 0.0028015 6.89366e-09 0.000504868 7.94337e-06 0.000300622 8.29985e-09 1.78088e-08 0.000995757 8.93448e-06 2.84901e-08 5.73728e-05 1.89013e-06 0.000207086 0.0533954 4.86518e-06 0.000185889 9.72363e-07 0.00185129 2.12414e-06 0.000138356 0.000196431 7.3548e-05 8.701e-10
0  1153.37 1.75501e-07 0.000632786 1.03968e-06 0.146606 6.37116e-06 0.0377967 0.709292 0.000688526 0.000450111 0.0237156 0.0279234 0.000870903 3.55825e-07 0.000268155 1.22246e-08 1.27672e-06 3.0479e-05 0.000447298 3.28341e-05 3.78962e-09 2.72766e-10 0.000232166 6.41953e-05 5.46029e-05 0.00519993 5.0517e-07 0.00096122 2.86372e-05 0.000606628 7.59995e-07 5.41542e-07 0.00212877 6.43707e-05 4.61822e-08 0.000124953 4.54439e-07 0.000462402 0.0354395 0.000153205 4.48284e-05 1.24399e-06 0.00505693 3.93555e-08 5.03886e-06 0.000503109 0.000101594 5.45962e-09
0.000694444  1536.29 6.36942e-06 0.00075555 2.77942e-05 0.103054 0.000130618 0.057461 0.718275 0.000688045 0.000110431 0.0399659 0.0519871 0.00105179 1.19011e-05 0.000474233 6.93481e-07 1.46018e-06 4.47374e-06 0.00066738 0.00024904 5.14206e-07 6.84652e-08 0.000357009 3.85926e-06 0.000148122 0.0079685 3.16327e-05 0.00173159 3.93858e-05 0.00107494 3.96094e-05 3.54246e-06 0.00323449 0.000352128 6.76066e-08 0.00025076 5.16143e-08 0.000674369 0.00439064 0.000123419 7.24217e-07 6.74343e-08 0.00431732 4.81344e-11 1.54514e-08 0.000309883 2.4135e-05 1.45166e-08
0.00138889  1910.36 4.80376e-05 0.000698988 0.000308172 0.0565823 0.00134076 0.0744245 0.722282 0.000244616 6.26476e-06 0.052052 0.0849717 0.000346372 1.97571e-05 0.000176825 5.25895e-06 1.80984e-07 2.20763e-07 0.000224696 0.000178706 1.25653e-05 1.20659e-06 2.1666e-05 1.15771e-07 1.45934e-05 0.00132275 4.33498e-05 0.00193228 7.10949e-06 0.000319881 0.000115245 1.91945e-06 0.000227639 0.000110252 4.35416e-09 0.000181504 1.80738e-09 0.00028189 4.05857e-05 2.45533e-06 1.03323e-09 1.87223e-10 0.00140113 8.21226e-15 2.05406e-11 4.96109e-05 1.08238e-06 9.77776e-09
0.00208333  2089.88 7.41947e-05 0.000521197 0.000764505 0.0330851 0.00319501 0.0797946 0.72223 6.60427e-05 5.53492e-06 0.044431 0.114761 5.69752e-05 5.22713e-06 2.12389e-05 2.32735e-06 1.49978e-08 9.66261e-09 2.41102e-05 2.74365e-05 9.61333e-06 6.89917e-07 5.04034e-07 4.88216e-09 1.11079e-06 8.70906e-05 6.24394e-06 0.00038835 5.73546e-07 4.673e-05 3.24524e-05 6.47346e-08 7.91746e-06 1.34379e-05 1.49546e-10 3.4512e-05 1.70489e-11 4.17437e-05 1.28457e-07 9.12214e-09 1.57952e-12 4.07203e-13 0.000258997 4.41982e-18 2.49483e-14 4.08967e-06 2.42704e-08 1.44758e-09
0.00277778  2180.44 6.90477e-05 0.000431716 0.00082981 0.0235452 0.00383631 0.0812883 0.721422 3.01144e-05 4.88215e-06 0.0350361 0.133356 7.72667e-06 9.44848e-07 2.23025e-06 3.92462e-07 1.76748e-09 6.31071e-10 2.27889e-06 3.45009e-06 2.22519e-06 1.37549e-07 1.57586e-08 2.62664e-10 1.36262e-07 6.15104e-06 6.32137e-07 5.93417e-05 3.72034e-08 6.59539e-06 5.28721e-06 3.26999e-09 4.69757e-07 1.93513e-06 9.36072e-12 5.91457e-06 4.42521e-13 3.24887e-06 2.55241e-10 1.996e-11 3.59965e-14 1.4519e-14 4.16536e-05 7.6233e-20 4.75253e-17 2.9383e-07 4.83649e-10 1.13006e-10
0.00347222  2237.26 5.76066e-05 0.000384038 0.000725132 0.0189396 0.00385792 0.082136 0.720811 1.92081e-05 3.77927e-06 0.0288768 0.144166 1.11306e-06 2.83092e-07 2.62625e-07 5.72935e-08 2.35528e-10 5.82392e-11 2.50792e-07 4.75412e-07 3.89592e-07 2.24043e-08 1.18136e-09 1.7115e-11 1.96411e-08 6.38315e-07 7.3362e-08 9.52895e-06 3.16378e-09 1.06153e-06 8.24989e-07 2.29654e-10 5.00514e-08 3.21795e-07 8.32167e-13 1.15037e-06 2.07013e-14 1.65577e-07 3.83488e-13 3.77215e-13 3.48012e-15 1.38374e-15 6.65863e-06 5.0822e-21 1.37219e-18 2.12902e-08 9.96947e-12 7.8514e-12
0.00416667  2276.45 4.72876e-05 0.000349671 0.000607002 0.0162408 0.00369198 0.0828478 0.72043 1.40192e-05 2.90892e-06 0.0249855 0.150779 1.82483e-07 1.49318e-07 3.64503e-08 8.92872e-09 3.5591e-11 6.99916e-12 3.45121e-08 7.51658e-08 6.66443e-08 3.70764e-09 1.4541e-10 1.32712e-12 2.98376e-09 9.24537e-08 1.01648e-08 1.7144e-06 3.65479e-10 1.96209e-07 1.40619e-07 1.693e-11 6.8225e-09 5.58564e-08 9.56224e-14 2.47495e-07 1.15589e-15 6.29037e-09 5.54942e-16 4.09066e-14 4.11755e-16 1.49376e-16 1.10001e-06 0 1.18585e-19 1.61881e-09 2.24686e-13 5.55551e-13
0.00486111  2304.98 3.92207e-05 0.000321518 0.00050972 0.0144339 0.00348797 0.0834656 0.720191 1.09634e-05 2.29689e-06 0.0223685 0.155169 3.43304e-08 1.0095e-07 5.88661e-09 1.54583e-09 6.07175e-12 1.02312e-12 5.81548e-09 1.34591e-08 1.21023e-08 6.62154e-10 2.10636e-11 1.22331e-13 4.75918e-10 1.6001e-08 1.60424e-09 3.43861e-07 5.14427e-11 4.0488e-08 2.66223e-08 1.30861e-12 1.03475e-09 9.9321e-09 1.28509e-14 5.6468e-08 7.27449e-17 1.94449e-10 9.60874e-18 5.31712e-15 5.48267e-17 1.82688e-17 1.89679e-07 0 1.18585e-20 1.3029e-10 5.90496e-15 4.14606e-14
0.00555556  2326.58 3.31065e-05 0.000297874 0.000434431 0.0131178 0.00329193 0.0839892 0.720032 8.97267e-06 1.86809e-06 0.0204791 0.158313 7.59255e-09 7.50067e-08 1.07683e-09 2.95595e-10 1.15106e-12 1.73191e-13 1.14154e-09 2.66949e-09 2.37993e-09 1.28856e-10 3.31787e-12 1.33841e-14 7.98007e-11 3.03419e-09 2.75853e-10 7.5283e-08 8.20638e-12 9.07765e-09 5.51776e-09 1.07181e-13 1.68378e-10 1.81241e-09 1.89432e-15 1.33793e-08 5.07542e-18 5.35228e-12 1.14858e-18 7.63419e-16 8.01293e-18 2.51738e-18 3.41557e-08 0 1.69407e-21 1.10881e-11 2.0653e-16 3.2855e-15
0.00625  2343.47 2.84634e-05 0.000277977 0.000376525 0.0121053 0.00311641 0.0844264 0.719921 7.59487e-06 1.56088e-06 0.0190344 0.160705 2.18723e-09 5.85646e-08 2.17625e-10 6.15367e-11 2.39403e-13 3.2827e-14 2.49965e-10 5.75395e-10 5.05095e-10 2.71279e-11 5.5705e-13 1.71332e-15 1.40361e-11 6.09972e-10 5.05201e-11 1.76469e-08 1.43506e-12 2.16786e-09 1.23007e-09 9.33965e-15 2.90251e-11 3.40369e-10 2.98931e-16 3.26467e-09 3.87941e-19 1.64814e-13 1.60936e-19 1.18874e-16 1.26547e-18 3.84553e-19 6.40582e-09 0 0 9.93723e-13 1.10047e-17 2.75909e-16
0.00694444  2357.01 2.48917e-05 0.000261207 0.000331547 0.0112972 0.00296304 0.08479 0.719838 6.59925e-06 1.33473e-06 0.0178819 0.162605 9.57284e-10 4.73218e-08 4.76533e-11 1.37686e-11 5.46212e-14 6.80762e-15 5.93076e-11 1.32829e-10 1.14575e-10 6.11193e-12 9.86974e-14 2.49843e-16 2.57976e-12 1.28409e-10 9.75857e-12 4.36777e-09 2.70676e-13 5.44105e-10 2.90886e-10 8.6861e-16 5.26098e-12 6.58622e-11 4.9997e-17 8.17719e-10 3.21873e-20 9.77442e-15 2.37169e-20 1.98104e-17 2.13452e-19 6.43745e-20 1.2468e-09 0 0 9.33393e-14 8.45339e-19 2.44437e-17
0.00763889  2368.09 2.20995e-05 0.000247016 0.000296105 0.0106349 0.00283002 0.0850933 0.719773 5.8552e-06 1.16391e-06 0.0169345 0.164162 6.26025e-10 3.92745e-08 1.11438e-11 3.28396e-12 1.40775e-14 1.5196e-15 1.49684e-11 3.24829e-11 2.75113e-11 1.45893e-12 1.83193e-14 4.02883e-17 4.93351e-13 2.81509e-11 1.97799e-12 1.13064e-09 5.45384e-14 1.42254e-10 7.22479e-11 8.6748e-17 9.96934e-13 1.31291e-11 8.80745e-18 2.0993e-10 3.38813e-21 1.21236e-15 3.38813e-21 3.49655e-18 3.72694e-20 1.18585e-20 2.50924e-10 0 0 9.14661e-15 7.96211e-20 2.27344e-18
0.00833333  2377.31 1.98807e-05 0.000234936 0.000267755 0.0100815 0.00271473 0.0853479 0.719722 5.28374e-06 1.03187e-06 0.0161387 0.165467 5.08355e-10 3.33181e-08 2.75404e-12 8.35248e-13 4.45801e-15 3.60839e-16 3.97124e-12 8.34604e-12 6.93612e-12 3.65944e-13 3.54097e-15 7.00835e-18 9.77665e-14 6.40618e-12 4.19231e-13 3.04059e-10 1.16581e-14 3.85079e-11 1.87124e-11 9.40884e-18 1.96554e-13 2.69353e-12 1.62461e-18 5.51865e-11 0 1.97494e-16 0 6.48827e-19 6.77626e-21 1.69407e-21 5.20365e-11 0 0 9.31296e-16 8.47033e-21 2.20229e-19
0.00902778  2385.09 1.80903e-05 0.000224584 0.000244754 0.00961211 0.00261456 0.0855631 0.71968 4.83468e-06 9.27705e-07 0.0154598 0.166578 4.48939e-10 2.87894e-08 7.14058e-13 2.30992e-13 1.94572e-15 9.03886e-17 1.09906e-12 2.23986e-12 1.82436e-12 9.58321e-14 7.09248e-16 1.29257e-18 2.0001e-14 1.50983e-12 9.26558e-14 8.45336e-11 2.62921e-15 1.07466e-11 5.02711e-12 1.12655e-18 4.01548e-14 5.67942e-13 3.13402e-19 1.48427e-11 0 3.51417e-17 0 1.25361e-19 1.69407e-21 0 1.10852e-11 0 0 9.81999e-17 1.69407e-21 2.20229e-20
0.00972222  2391.72 1.66253e-05 0.000215651 0.000225848 0.00920926 0.0025272 0.0857465 0.719645 4.47491e-06 8.44085e-07 0.0148736 0.167535 4.09366e-10 2.52683e-08 1.93519e-13 7.37532e-14 1.1845e-15 2.37745e-17 3.16001e-13 6.26074e-13 4.9813e-13 2.60737e-14 1.46599e-16 2.49028e-19 4.21007e-15 3.67872e-13 2.13059e-14 2.42044e-11 6.22667e-16 3.08189e-12 1.39504e-12 1.50772e-19 8.47118e-15 1.22899e-13 6.26804e-20 4.08088e-12 0 6.59669e-18 0 2.5411e-20 0 0 2.41902e-12 0 0 1.0698e-17 0 1.69407e-21
0.0104167  2397.43 1.54116e-05 0.000207892 0.000210126 0.00886016 0.00245069 0.085904 0.719615 4.18187e-06 7.75926e-07 0.0143627 0.168369 3.78925e-10 2.24781e-08 5.49766e-14 3.02542e-14 8.92747e-16 6.57467e-18 9.45114e-14 1.82778e-13 1.40718e-13 7.34847e-15 3.11606e-17 5.0822e-20 9.09127e-16 9.25195e-14 5.08764e-15 7.1158e-12 1.54209e-16 9.05896e-13 3.98544e-13 2.37169e-20 1.84021e-15 2.72553e-14 1.35525e-20 1.14601e-12 0 1.29427e-18 0 5.0822e-21 0 0 5.39416e-13 0 0 1.20279e-18 0 0
0.0111111  2402.4 1.43947e-05 0.000201111 0.000196915 0.00855526 0.00238341 0.0860402 0.71959 3.93975e-06 7.19628e-07 0.0139141 0.1691 3.54012e-10 2.02308e-08 1.6669e-14 1.70825e-14 7.43775e-16 1.9414e-18 2.9783e-14 5.66409e-14 4.10962e-14 2.14651e-15 6.78982e-18 1.01644e-20 2.00882e-16 2.39848e-14 1.25952e-15 2.14243e-12 3.97868e-17 2.72351e-13 1.16886e-13 3.38813e-21 4.10692e-16 6.18713e-15 3.38813e-21 3.28424e-13 0 2.64274e-19 0 1.69407e-21 0 0 1.22646e-13 0 0 1.40607e-19 0 0
0.0118056  2406.74 1.35344e-05 0.000195152 0.000185712 0.00828717 0.00232399 0.0861588 0.719568 3.73723e-06 6.72586e-07 0.0135179 0.169745 3.33048e-10 1.8395e-08 5.6753e-15 1.24297e-14 6.47643e-16 6.38663e-19 1.02745e-14 1.94874e-14 1.24729e-14 6.55759e-16 1.5128e-18 1.69407e-21 4.53163e-17 6.40086e-15 3.22787e-16 6.59157e-13 1.06574e-17 8.35969e-14 3.5108e-14 0 9.39986e-17 1.43632e-15 0 9.59659e-14 0 5.59042e-20 0 0 0 0 2.83783e-14 0 0 1.69407e-20 0 0
0.0125  2410.55 1.28003e-05 0.000189889 0.000176133 0.00805011 0.00227133 0.0862626 0.719549 3.56598e-06 6.32879e-07 0.0131661 0.170318 3.15145e-10 1.68768e-08 2.384e-15 1.03485e-14 5.76638e-16 2.55804e-19 4.19749e-15 8.10483e-15 4.0146e-15 2.1589e-16 3.43895e-19 0 1.04168e-17 1.7562e-15 8.55063e-17 2.06837e-13 2.95445e-18 2.61594e-14 1.07774e-14 0 2.20364e-17 3.40761e-16 0 2.85661e-14 0 1.18585e-20 0 0 0 0 6.67092e-15 0 0 1.69407e-21 0 0
0.0131944  2413.93 1.2169e-05 0.00018522 0.000167883 0.00783948 0.00222449 0.086354 0.719533 3.41981e-06 5.99065e-07 0.0128524 0.170828 2.99706e-10 1.56074e-08 1.33716e-15 9.14042e-15 5.2063e-16 1.33831e-19 2.22005e-15 4.41731e-15 1.44508e-15 8.21605e-17 7.96211e-20 0 2.43607e-18 4.94735e-16 2.33764e-17 6.60817e-14 8.45339e-19 8.3374e-15 3.37569e-15 0 5.28718e-18 8.25942e-17 0 8.65479e-15 0 3.38813e-21 0 0 0 0 1.59071e-15 0 0 0 0 0
0.0138889  2416.93 1.16224e-05 0.000181061 0.000160732 0.00765154 0.0021827 0.0864348 0.719518 3.29402e-06 5.70042e-07 0.0125716 0.171284 2.86293e-10 1.4536e-08 9.67744e-16 8.28989e-15 4.74992e-16 9.14796e-20 1.52895e-15 3.10401e-15 6.39767e-16 3.99969e-17 1.86347e-20 0 5.79371e-19 1.42901e-16 6.58483e-18 2.14621e-14 2.49028e-19 2.70691e-15 1.07768e-15 0 1.29765e-18 2.04542e-17 0 2.66657e-15 0 0 0 0 0 0 3.8425e-16 0 0 0 0 0
0.0145833  2419.61 1.11462e-05 0.000177344 0.000154496 0.00748324 0.00214529 0.0865066 0.719505 3.18496e-06 5.44958e-07 0.0123194 0.171694 2.74567e-10 1.36241e-08 8.12311e-16 7.62458e-15 4.37116e-16 7.28448e-20 1.25495e-15 2.55489e-15 3.76057e-16 2.59395e-17 5.0822e-21 0 1.38913e-19 4.22619e-17 1.90752e-18 7.07608e-15 7.6233e-20 8.9798e-16 3.50758e-16 0 3.25261e-19 5.17707e-18 0 8.34761e-16 0 0 0 0 0 0 9.39156e-17 0 0 0 0 0
0.0152778  2422 1.07292e-05 0.00017401 0.000149031 0.00733203 0.00211174 0.0865706 0.719494 3.08981e-06 5.23144e-07 0.0120923 0.172062 2.64262e-10 1.28419e-08 7.29522e-16 7.0774e-15 4.05288e-16 6.26804e-20 1.12287e-15 2.26856e-15 2.8289e-16 2.07557e-17 1.69407e-21 0 3.38813e-20 1.27783e-17 5.67512e-19 2.36534e-15 2.37169e-20 3.07529e-16 1.16811e-16 0 8.30092e-20 1.34001e-18 0 2.65284e-16 0 0 0 0 0 0 2.32002e-17 0 0 0 0 0
0.0159722  2424.15 1.03622e-05 0.000171013 0.000144219 0.0071958 0.00208155 0.0866278 0.719484 3.00632e-06 5.0407e-07 0.0118873 0.172395 2.55163e-10 1.21665e-08 6.74631e-16 6.61628e-15 3.78287e-16 5.59042e-20 1.04321e-15 2.08336e-15 2.45123e-16 1.8484e-17 0 0 8.47033e-21 3.94379e-18 1.72795e-19 8.0071e-16 8.47033e-21 1.11773e-16 4.02883e-17 0 2.20229e-20 3.55754e-19 0 8.55114e-17 0 0 0 0 0 0 5.78693e-18 0 0 0 0 0
0.0166667  2426.09 1.00379e-05 0.00016831 0.000139965 0.00707277 0.00205435 0.0866791 0.719475 2.9327e-06 4.8731e-07 0.0117018 0.172696 2.47096e-10 1.15799e-08 6.32678e-16 6.22241e-15 3.55196e-16 5.2516e-20 9.85767e-16 1.94446e-15 2.26224e-16 1.72287e-17 0 0 1.69407e-21 1.24006e-18 5.42101e-20 2.74222e-16 3.38813e-21 4.57737e-17 1.4857e-17 0 6.77626e-21 9.65618e-20 0 2.79351e-17 0 0 0 0 0 0 1.4569e-18 0 0 0 0 0
0.0173611  2427.84 9.7501e-06 0.000165869 0.000136189 0.00696141 0.00202978 0.0867252 0.719467 2.86748e-06 4.72519e-07 0.0115336 0.172968 2.39918e-10 1.10677e-08 5.98183e-16 5.88298e-15 3.35315e-16 4.74338e-20 9.39759e-16 1.83165e-15 2.14311e-16 1.63698e-17 0 0 0 3.98105e-19 1.69407e-20 9.49338e-17 1.69407e-21 2.30393e-17 6.25957e-18 0 1.69407e-21 2.71051e-20 0 9.24113e-18 0 0 0 0 0 0 3.69306e-19 0 0 0 0 0
0.0180556  2429.42 9.49395e-06 0.00016366 0.000132828 0.00686045 0.00200756 0.0867668 0.719459 2.80949e-06 4.59416e-07 0.0113809 0.173216 2.3351e-10 1.06183e-08 5.68828e-16 5.58852e-15 3.18091e-16 4.40457e-20 9.00938e-16 1.73643e-15 2.05389e-16 1.56972e-17 0 0 0 1.28749e-19 5.0822e-21 3.32054e-17 1.69407e-21 1.49332e-17 3.28818e-18 0 0 8.47033e-21 0 3.09336e-18 0 0 0 0 0 0 9.48677e-20 0 0 0 0 0
0.01875  2430.85 9.26527e-06 0.000161657 0.000129827 0.00676878 0.00198743 0.0868043 0.719453 2.75776e-06 4.4777e-07 0.011242 0.173441 2.27775e-10 1.02223e-08 5.43424e-16 5.33166e-15 3.03092e-16 4.23516e-20 8.67358e-16 1.65451e-15 1.98036e-16 1.51297e-17 0 0 0 4.23516e-20 1.69407e-21 1.17399e-17 0 1.18534e-17 2.22431e-18 0 0 1.69407e-21 0 1.04693e-18 0 0 0 0 0 0 2.37169e-20 0 0 0 0 0
0.0194444  2432.14 9.06062e-06 0.000159839 0.000127141 0.00668546 0.00196918 0.0868383 0.719447 2.71148e-06 4.3739e-07 0.0111157 0.173646 2.22629e-10 9.87219e-09 5.21237e-16 5.10659e-15 2.8997e-16 3.89635e-20 8.37953e-16 1.58329e-15 1.91704e-16 1.46367e-17 0 0 0 1.35525e-20 0 4.20298e-18 0 1.05371e-17 1.81604e-18 0 0 0 0 3.57448e-19 0 0 0 0 0 0 6.77626e-21 0 0 0 0 0
0.0201389  2433.32 8.8771e-06 0.000158188 0.000124733 0.0066097 0.00195262 0.086869 0.719441 2.67e-06 4.28119e-07 0.0110006 0.173832 2.18004e-10 9.56172e-09 5.01748e-16 4.90861e-15 2.78443e-16 3.72694e-20 8.1202e-16 1.52097e-15 1.86135e-16 1.4203e-17 0 0 0 5.0822e-21 0 1.52805e-18 0 9.86116e-18 1.63986e-18 0 0 0 0 1.23667e-19 0 0 0 0 0 0 1.69407e-21 0 0 0 0 0
0.0208333  2434.39 8.71231e-06 0.000156686 0.000122572 0.00654085 0.00193759 0.0868967 0.719437 2.63278e-06 4.19825e-07 0.0108959 0.174001 2.13843e-10 9.2858e-09 4.84562e-16 4.73394e-15 2.68288e-16 3.55754e-20 7.8905e-16 1.46619e-15 1.81197e-16 1.38185e-17 0 0 0 1.69407e-21 0 5.47183e-19 0 9.43086e-18 1.54838e-18 0 0 0 0 4.06576e-20 0 0 0 0 0 0 0 0 0 0 0 0
0.0222222  2436.22 8.43245e-06 0.000154092 0.000118907 0.00642238 0.00191171 0.0869441 0.719429 2.5697e-06 4.05823e-07 0.010715 0.174293 2.0676e-10 8.82378e-09 4.56078e-16 4.4442e-15 2.51467e-16 3.21873e-20 7.50783e-16 1.37581e-15 1.72918e-16 1.31731e-17 0 0 0 0 0 1.38913e-19 0 8.86166e-18 1.44843e-18 0 0 0 0 6.77626e-21 0 0 0 0 0 0 0 0 0 0 0 0
0.0236111  2437.76 8.20179e-06 0.000151916 0.000115885 0.00632253 0.00189003 0.0869837 0.719422 2.5176e-06 3.94336e-07 0.0105624 0.17454 2.00897e-10 8.44856e-09 4.33191e-16 4.21159e-15 2.37991e-16 3.04932e-20 7.19792e-16 1.30355e-15 1.66169e-16 1.26479e-17 0 0 0 0 0 6.26804e-20 0 8.42967e-18 1.37728e-18 0 0 0 0 1.69407e-21 0 0 0 0 0 0 0 0 0 0 0 0
0.025  2439.06 8.01049e-06 0.000150083 0.00011338 0.00623817 0.0018718 0.0870169 0.719417 2.47432e-06 3.8485e-07 0.0104332 0.174749 1.96018e-10 8.14136e-09 4.14628e-16 4.023e-15 2.27084e-16 2.87991e-20 6.94501e-16 1.2452e-15 1.60628e-16 1.22176e-17 0 0 0 0 0 4.57398e-20 0 8.08239e-18 1.32307e-18 0 0 0 0 0 0 0 0 0 0 0 0 0 0 0 0 0
0.0263889  2440.15 7.85117e-06 0.000148536 0.000111294 0.00616681 0.00185645 0.0870448 0.719412 2.43821e-06 3.7698e-07 0.0103239 0.174925 1.91943e-10 7.88833e-09 3.99456e-16 3.86895e-15 2.18187e-16 2.71051e-20 6.7372e-16 1.19769e-15 1.56051e-16 1.18618e-17 0 0 0 0 0 4.23516e-20 0 7.79779e-18 1.27902e-18 0 0 0 0 0 0 0 0 0 0 0 0 0 0 0 0 0
0.0277778  2441.07 7.71821e-06 0.00014723 0.000109555 0.00610652 0.00184351 0.0870682 0.719409 2.40805e-06 3.70435e-07 0.0102313 0.175074 1.88534e-10 7.67917e-09 3.86991e-16 3.74248e-15 2.10893e-16 2.5411e-20 6.56564e-16 1.15877e-15 1.52256e-16 1.15688e-17 0 0 0 0 0 4.06576e-20 0 7.56231e-18 1.24175e-18 0 0 0 0 0 0 0 0 0 0 0 0 0 0 0 0 0
0.0305556  2442.47 7.51819e-06 0.000145233 0.000106945 0.00601507 0.00182386 0.0871034 0.719404 2.36278e-06 3.60651e-07 0.0100902 0.175302 1.83394e-10 7.36831e-09 3.68595e-16 3.55591e-15 2.00144e-16 2.37169e-20 6.31089e-16 1.10152e-15 1.46586e-16 1.11283e-17 0 0 0 0 0 3.89635e-20 0 7.21333e-18 1.18585e-18 0 0 0 0 0 0 0 0 0 0 0 0 0 0 0 0 0
0.0333333  2443.49 7.37296e-06 0.000143763 0.00010505 0.00594748 0.00180942 0.0871291 0.7194 2.3298e-06 3.53573e-07 0.0099856 0.17547 1.79645e-10 7.14499e-09 3.55476e-16 3.42304e-15 1.925e-16 2.20229e-20 6.12798e-16 1.06085e-15 1.42496e-16 1.08132e-17 0 0 0 0 0 3.72694e-20 0 6.96261e-18 1.14688e-18 0 0 0 0 0 0 0 0 0 0 0 0 0 0 0 0 0
0.0388889  2444.73 7.19944e-06 0.000141978 0.000102794 0.00586606 0.001792 0.0871595 0.719396 2.29046e-06 3.45175e-07 0.00985852 0.175673 1.75147e-10 6.88114e-09 3.40072e-16 3.26721e-15 1.83547e-16 2.20229e-20 5.91163e-16 1.01322e-15 1.37634e-16 1.04371e-17 0 0 0 0 0 3.55754e-20 0 6.66615e-18 1.09945e-18 0 0 0 0 0 0 0 0 0 0 0 0 0 0 0 0 0
0.0444444  2445.45 7.09849e-06 0.000140927 0.000101482 0.00581802 0.00178178 0.0871772 0.719394 2.26751e-06 3.40308e-07 0.00978327 0.175794 1.72519e-10 6.72894e-09 3.31237e-16 3.17797e-15 1.78426e-16 2.03288e-20 5.78681e-16 9.85992e-16 1.34819e-16 1.02186e-17 0 0 0 0 0 3.55754e-20 0 6.49505e-18 1.07234e-18 0 0 0 0 0 0 0 0 0 0 0 0 0 0 0 0 0
0.0555556  2446.06 7.01359e-06 0.000140033 0.000100383 0.00577754 0.00177315 0.0871918 0.719393 2.24825e-06 3.36238e-07 0.0097192 0.175896 1.70299e-10 6.60174e-09 3.23877e-16 3.10369e-15 1.74167e-16 2.03288e-20 5.68219e-16 9.63332e-16 1.32452e-16 1.00373e-17 0 0 0 0 0 3.55754e-20 0 6.35105e-18 1.05032e-18 0 0 0 0 0 0 0 0 0 0 0 0 0 0 0 0 0
0.0722222  2446.35 6.97322e-06 0.000139605 9.98613e-05 0.00575822 0.00176904 0.0871986 0.719392 2.23909e-06 3.3431e-07 0.0096884 0.175944 1.69239e-10 6.54146e-09 3.20395e-16 3.0686e-15 1.72156e-16 2.03288e-20 5.6325e-16 9.52627e-16 1.31326e-16 9.94925e-18 0 0 0 0 0 3.38813e-20 0 6.28329e-18 1.04016e-18 0 0 0 0 0 0 0 0 0 0 0 0 0 0 0 0 0
0.0972222  2446.46 6.95912e-06 0.000139455 9.96793e-05 0.00575147 0.0017676 0.087201 0.719392 2.2359e-06 3.33637e-07 0.00967757 0.175962 1.68868e-10 6.52041e-09 3.19179e-16 3.05636e-15 1.71455e-16 1.86347e-20 5.6151e-16 9.48892e-16 1.30931e-16 9.91876e-18 0 0 0 0 0 3.38813e-20 0 6.25957e-18 1.03677e-18 0 0 0 0 0 0 0 0 0 0 0 0 0 0 0 0 0
0.134722  2446.48 6.95561e-06 0.000139418 9.96341e-05 0.00574979 0.00176724 0.0872016 0.719392 2.2351e-06 3.33471e-07 0.00967487 0.175966 1.68775e-10 6.51517e-09 3.18877e-16 3.05331e-15 1.7128e-16 1.86347e-20 5.61076e-16 9.47962e-16 1.30833e-16 9.91198e-18 0 0 0 0 0 3.38813e-20 0 6.2528e-18 1.03507e-18 0 0 0 0 0 0 0 0 0 0 0 0 0 0 0 0 0
0.190972  2446.49 6.955e-06 0.000139411 9.96263e-05 0.0057495 0.00176718 0.0872017 0.719392 2.23496e-06 3.33442e-07 0.0096744 0.175967 1.68759e-10 6.51426e-09 3.18825e-16 3.05279e-15 1.7125e-16 1.86347e-20 5.61002e-16 9.47801e-16 1.30816e-16 9.91029e-18 0 0 0 0 0 3.38813e-20 0 6.2528e-18 1.03507e-18 0 0 0 0 0 0 0 0 0 0 0 0 0 0 0 0 0
0.275347  2446.49 6.95493e-06 0.000139411 9.96254e-05 0.00574946 0.00176717 0.0872017 0.719392 2.23495e-06 3.33438e-07 0.00967434 0.175967 1.68757e-10 6.51416e-09 3.18818e-16 3.05273e-15 1.71246e-16 1.86347e-20 5.60993e-16 9.47782e-16 1.30814e-16 9.91029e-18 0 0 0 0 0 3.38813e-20 0 6.2528e-18 1.03507e-18 0 0 0 0 0 0 0 0 0 0 0 0 0 0 0 0 0
0.40191  2446.49 6.95492e-06 0.00013941 9.96253e-05 0.00574946 0.00176717 0.0872017 0.719392 2.23495e-06 3.33438e-07 0.00967434 0.175967 1.68757e-10 6.51415e-09 3.18818e-16 3.05272e-15 1.71246e-16 1.86347e-20 5.60992e-16 9.47781e-16 1.30814e-16 9.91029e-18 0 0 0 0 0 3.38813e-20 0 6.2528e-18 1.03507e-18 0 0 0 0 0 0 0 0 0 0 0 0 0 0 0 0 0
0.591753  2446.49 6.95492e-06 0.00013941 9.96253e-05 0.00574946 0.00176717 0.0872017 0.719392 2.23495e-06 3.33438e-07 0.00967434 0.175967 1.68757e-10 6.51415e-09 3.18818e-16 3.05272e-15 1.71246e-16 1.86347e-20 5.60992e-16 9.47781e-16 1.30814e-16 9.91029e-18 0 0 0 0 0 3.38813e-20 0 6.2528e-18 1.03507e-18 0 0 0 0 0 0 0 0 0 0 0 0 0 0 0 0 0
0.876519  2446.49 6.95492e-06 0.00013941 9.96253e-05 0.00574946 0.00176717 0.0872017 0.719392 2.23495e-06 3.33438e-07 0.00967434 0.175967 1.68757e-10 6.51415e-09 3.18818e-16 3.05272e-15 1.71246e-16 1.86347e-20 5.60992e-16 9.47781e-16 1.30814e-16 9.91029e-18 0 0 0 0 0 3.38813e-20 0 6.2528e-18 1.03507e-18 0 0 0 0 0 0 0 0 0 0 0 0 0 0 0 0 0
1.30367  2446.49 6.95492e-06 0.00013941 9.96253e-05 0.00574946 0.00176717 0.0872017 0.719392 2.23495e-06 3.33438e-07 0.00967434 0.175967 1.68757e-10 6.51415e-09 3.18818e-16 3.05272e-15 1.71246e-16 1.86347e-20 5.60992e-16 9.47781e-16 1.30814e-16 9.91029e-18 0 0 0 0 0 3.38813e-20 0 6.2528e-18 1.03507e-18 0 0 0 0 0 0 0 0 0 0 0 0 0 0 0 0 0
1.94439  2446.49 6.95492e-06 0.00013941 9.96253e-05 0.00574946 0.00176717 0.0872017 0.719392 2.23495e-06 3.33438e-07 0.00967434 0.175967 1.68757e-10 6.51415e-09 3.18818e-16 3.05272e-15 1.71246e-16 1.86347e-20 5.60992e-16 9.47781e-16 1.30814e-16 9.91029e-18 0 0 0 0 0 3.38813e-20 0 6.2528e-18 1.03507e-18 0 0 0 0 0 0 0 0 0 0 0 0 0 0 0 0 0
2.90547  2446.49 6.95492e-06 0.00013941 9.96253e-05 0.00574946 0.00176717 0.0872017 0.719392 2.23495e-06 3.33438e-07 0.00967434 0.175967 1.68757e-10 6.51415e-09 3.18818e-16 3.05272e-15 1.71246e-16 1.86347e-20 5.60992e-16 9.47781e-16 1.30814e-16 9.91029e-18 0 0 0 0 0 3.38813e-20 0 6.2528e-18 1.03507e-18 0 0 0 0 0 0 0 0 0 0 0 0 0 0 0 0 0
