TITLE="Graphics"
VARIABLES= "x", "T", "Y_H", "Y_H2", "Y_O", "Y_O2", "Y_OH", "Y_H2O", "Y_N2", "Y_HO2", "Y_H2O2", "Y_CO", "Y_CO2", "Y_CH2O", "Y_HCO", "Y_CH3OH", "Y_CH2OH", "Y_CH3O", "Y_CH3O2", "Y_CH4", "Y_CH3", "Y_CH2", "Y_CH2(S)", "Y_C2H6", "Y_C2H5O2", "Y_C2H5", "Y_C2H4", "Y_C2H3", "Y_C2H2", "Y_CH2CHO", "Y_CH2CO", "Y_HCCO", "Y_NC3H7", "Y_C3H6", "Y_C3H5-A", "Y_C3H5O", "Y_C3H4-A", "Y_NC3H7O2", "Y_C2H3CHO", "Y_NC7H16", "Y_C7H15", "Y_C7H15O2", "Y_C7H14OOH", "Y_C7H14", "Y_C7H14OOHO2", "Y_NC7KET", "Y_C7H14O", "Y_NC3H7CHO", "Y_NC3H7CO"
-3.85921  500 0 0 0 0.218435 0 0 0.719386 0 0 0 0 0 0 0 0 0 0 0 0 0 0 0 0 0 0 0 0 0 0 0 0 0 0 0 0 0 0 0.0621786 0 0 0 0 0 0 0 0 0
-2.64283  500 0 1.69407e-20 0 0.218435 1.86347e-19 1.43734e-13 0.719386 8.44144e-15 1.43713e-15 3.998e-19 -6.77626e-21 1.69407e-21 0 0 0 0 4.01477e-17 -8.97855e-20 0 0 0 -1.69407e-21 -3.38813e-21 0 -5.0822e-21 0 -3.72694e-20 0 3.58854e-17 0 0 -8.47033e-21 0 0 0 1.69407e-21 1.69407e-21 0.0621786 1.52466e-20 2.05372e-14 2.89685e-19 2.4823e-16 2.92837e-14 1.16551e-12 6.72273e-17 6.15454e-17 0
-1.83192  500 0 1.69407e-20 0 0.218435 3.18484e-19 3.08378e-13 0.719386 1.34171e-14 3.01893e-15 3.998e-19 -6.77626e-21 1.69407e-21 0 0 0 0 9.75579e-17 -8.97855e-20 0 0 0 0 -3.38813e-21 0 -5.0822e-21 0 -3.72694e-20 0 8.71936e-17 0 0 -8.47033e-21 0 0 0 1.69407e-21 1.69407e-21 0.0621786 2.5411e-20 3.50038e-14 4.94667e-19 5.30271e-16 5.03242e-14 2.50069e-12 1.43611e-16 1.49545e-16 0
-1.29131  500 0 1.86347e-20 0 0.218435 4.11658e-19 4.49919e-13 0.719386 1.64195e-14 4.35325e-15 3.998e-19 -6.77626e-21 1.69407e-21 0 0 0 0 1.53394e-16 -8.97855e-20 0 0 0 0 -3.38813e-21 0 -5.0822e-21 0 -3.72694e-20 0 1.37097e-16 0 0 -8.47033e-21 0 0 0 1.69407e-21 1.69407e-21 0.0621786 3.21873e-20 4.50178e-14 6.36969e-19 7.72087e-16 6.48966e-14 3.64853e-12 2.09102e-16 2.3514e-16 0
-0.930904  500 0 1.86347e-20 0 0.218435 4.74338e-19 5.58729e-13 0.719386 1.82678e-14 5.36985e-15 3.998e-19 -6.77626e-21 1.69407e-21 0 0 0 0 1.9962e-16 -8.97855e-20 0 0 0 0 -3.38813e-21 0 -5.0822e-21 0 -3.72694e-20 0 1.78411e-16 0 0 -8.47033e-21 0 0 0 1.69407e-21 1.69407e-21 0.0621786 3.72694e-20 5.18469e-14 7.33531e-19 9.5775e-16 7.48361e-14 4.53094e-12 2.59384e-16 3.06001e-16 0
-0.690633  500 0 1.86347e-20 0 0.218435 5.1669e-19 6.37784e-13 0.719386 1.9428e-14 6.10509e-15 3.998e-19 -6.77626e-21 1.69407e-21 0 0 0 0 2.34798e-16 -8.97855e-20 0 0 0 0 -3.38813e-21 0 -5.0822e-21 0 -3.72694e-20 0 2.09849e-16 0 0 -8.47033e-21 0 0 0 1.69407e-21 1.69407e-21 0.0621786 4.06576e-20 5.64639e-14 7.97905e-19 1.09255e-15 8.15567e-14 5.17203e-12 2.95891e-16 3.59925e-16 0
-0.530452  500 0 1.86347e-20 0 0.218435 5.45489e-19 6.93408e-13 0.719386 2.01681e-14 6.62119e-15 3.998e-19 -6.77626e-21 1.69407e-21 0 0 0 0 2.60293e-16 -8.97855e-20 0 0 0 0 -3.38813e-21 0 -5.0822e-21 0 -3.72694e-20 0 2.32638e-16 0 0 -8.47033e-21 0 0 0 1.69407e-21 1.69407e-21 0.0621786 4.23516e-20 5.95693e-14 8.41951e-19 1.18736e-15 8.60775e-14 5.62312e-12 3.21568e-16 3.9901e-16 0
-0.423665  500 0 1.86347e-20 0 0.218435 5.64124e-19 7.31797e-13 0.719386 2.06462e-14 6.9769e-15 3.998e-19 -6.77626e-21 1.69407e-21 0 0 0 0 2.78233e-16 -8.97855e-20 0 0 0 0 -3.38813e-21 0 -5.0822e-21 0 -3.72694e-20 0 2.4867e-16 0 0 -8.47033e-21 0 0 0 1.69407e-21 1.69407e-21 0.0621786 4.40457e-20 6.16514e-14 8.7075e-19 1.25277e-15 8.91086e-14 5.93443e-12 3.39284e-16 4.2651e-16 0
-0.352474  500 0 3.89635e-20 0 0.218435 5.77676e-19 7.57972e-13 0.719386 2.0958e-14 7.21926e-15 3.998e-19 -6.77626e-21 1.69407e-21 0 0 0 0 2.90619e-16 -8.97855e-20 0 0 0 0 -3.38813e-21 0 -5.0822e-21 0 -3.72694e-20 0 2.59741e-16 0 0 -8.47033e-21 0 0 0 1.69407e-21 1.69407e-21 0.0621786 4.40457e-20 6.30447e-14 8.91079e-19 1.29736e-15 9.1137e-14 6.14669e-12 3.51361e-16 4.45499e-16 0
-0.305013  500 0 4.33681e-19 0 0.218435 5.86147e-19 7.75682e-13 0.719386 2.11628e-14 7.38317e-15 3.998e-19 -6.77626e-21 1.69407e-21 0 0 0 0 2.9907e-16 -8.97855e-20 0 0 0 0 -3.38813e-21 0 -5.0822e-21 0 -3.72694e-20 0 2.67293e-16 0 0 -8.47033e-21 0 0 0 1.69407e-21 1.69407e-21 0.0621786 4.57398e-20 6.39757e-14 9.04631e-19 1.32753e-15 9.24926e-14 6.29031e-12 3.59532e-16 4.58453e-16 0
-0.257552  500 0 9.60197e-18 0 0.218435 5.94617e-19 7.93653e-13 0.719386 2.13643e-14 7.54943e-15 3.998e-19 -6.77626e-21 1.69407e-21 0 0 0 0 3.07719e-16 -8.97855e-20 0 0 0 0 -3.38813e-21 0 -5.0822e-21 0 -3.72694e-20 0 2.75021e-16 0 0 -8.47033e-21 0 0 0 1.69407e-21 1.69407e-21 0.0621786 4.57398e-20 6.49091e-14 9.1649e-19 1.35814e-15 9.38514e-14 6.43603e-12 3.67822e-16 4.71709e-16 0
-0.194271  500 0 3.38776e-16 0 0.218435 6.06476e-19 8.18076e-13 0.719386 2.16274e-14 7.77528e-15 3.998e-19 -6.77626e-21 1.69407e-21 0 0 0 0 3.19601e-16 -8.97855e-20 0 0 0 0 -3.38813e-21 0 -5.0822e-21 0 -3.72694e-20 0 2.85643e-16 0 0 -8.47033e-21 0 0 0 1.69407e-21 1.69407e-21 0.0621786 4.74338e-20 6.61573e-14 9.35124e-19 1.39974e-15 9.56689e-14 6.63409e-12 3.79088e-16 4.89926e-16 0
-0.152083  500 0 5.9778e-15 0 0.218435 6.14946e-19 8.34565e-13 0.719386 2.18001e-14 7.92773e-15 3.998e-19 -6.77626e-21 1.69407e-21 0 0 0 0 3.27683e-16 -8.97855e-20 0 0 0 0 -3.38813e-21 0 -5.0822e-21 0 -3.72694e-20 0 2.92865e-16 0 0 -8.47033e-21 0 0 0 1.69407e-21 1.69407e-21 0.0621786 4.74338e-20 6.69912e-14 9.46983e-19 1.42782e-15 9.68831e-14 6.76781e-12 3.86693e-16 5.02314e-16 0
-0.123958  500 0 7.16316e-14 0 0.218435 6.20028e-19 8.4565e-13 0.719386 2.19142e-14 8.0302e-15 3.998e-19 -6.77626e-21 1.69407e-21 0 0 0 0 3.33143e-16 -8.97855e-20 0 0 0 0 -3.38813e-21 0 -5.0822e-21 0 -3.72694e-20 0 2.97746e-16 0 0 -8.47033e-21 0 0 0 1.69407e-21 1.69407e-21 0.0621786 4.74338e-20 6.75479e-14 9.53759e-19 1.4467e-15 9.76936e-14 6.8577e-12 3.91805e-16 5.10685e-16 0
-0.105208  500 0 5.95816e-13 0 0.218435 6.23416e-19 8.53081e-13 0.719386 2.19897e-14 8.09889e-15 3.998e-19 -6.77626e-21 1.69407e-21 0 0 0 0 3.36814e-16 -8.97855e-20 0 0 0 0 -3.38813e-21 0 -5.0822e-21 0 -3.72694e-20 0 3.01027e-16 0 0 -8.47033e-21 0 0 0 1.69407e-21 1.69407e-21 0.0621786 4.91279e-20 6.79194e-14 9.60535e-19 1.45935e-15 9.82344e-14 6.91796e-12 3.95231e-16 5.16312e-16 0
-0.0864583  500 0 5.7228e-12 0 0.218435 6.26804e-19 8.60555e-13 0.719386 2.20646e-14 8.16795e-15 4.20128e-19 -6.77626e-21 3.38813e-21 0 0 0 0 3.40519e-16 -8.63974e-20 0 0 0 0 -3.38813e-21 0 -3.38813e-21 0 -3.72694e-20 0 3.04337e-16 0 0 -8.47033e-21 0 0 0 1.69407e-21 1.69407e-21 0.0621786 4.91279e-20 6.82911e-14 9.65618e-19 1.47207e-15 9.87758e-14 6.97855e-12 3.98676e-16 5.21991e-16 0
-0.0614583  500 0 8.25889e-11 0 0.218435 6.30193e-19 8.70675e-13 0.719386 2.21637e-14 8.26071e-15 1.44843e-18 -1.69407e-21 3.38813e-21 0 0 0 0 3.45515e-16 8.30092e-20 0 0 0 0 -3.38813e-21 0 6.26804e-20 0 -3.38813e-20 0 3.08803e-16 0 0 -8.47033e-21 0 0 0 1.69407e-21 1.69407e-21 0.0621786 4.91279e-20 6.87874e-14 9.72394e-19 1.48916e-15 9.94984e-14 7.05993e-12 4.03305e-16 5.2965e-16 0
-0.053125  500 0 3.08197e-10 0 0.218435 6.31887e-19 8.74753e-13 0.719386 2.21967e-14 8.29194e-15 1.18043e-17 4.40457e-20 6.77626e-21 0 0 0 0 3.47187e-16 1.64155e-18 0 0 0 0 -3.38813e-21 0 7.58942e-19 0 5.0822e-21 0 3.10297e-16 0 0 -8.47033e-21 0 0 0 1.69407e-21 1.69407e-21 0.0621786 4.91279e-20 6.89529e-14 9.74088e-19 1.49487e-15 9.97394e-14 7.08712e-12 4.04851e-16 5.32213e-16 0
-0.0447917  500 0 1.41426e-09 0 0.218435 6.33581e-19 8.87697e-13 0.719386 2.22316e-14 8.32681e-15 1.73437e-16 9.72394e-19 8.30092e-20 0 1.35525e-20 0 0 3.48866e-16 2.38355e-17 0 0 0 1.69407e-21 -3.38813e-21 0 1.22803e-17 0 7.04731e-19 0 3.11798e-16 0 0 -1.69407e-21 0 0 0 1.69407e-21 1.69407e-21 0.0621786 4.91279e-20 6.91185e-14 9.77476e-19 1.50059e-15 9.99804e-14 7.11438e-12 4.06401e-16 5.34784e-16 0
-0.0392361  500 0 4.54972e-09 0 0.218435 6.35275e-19 9.61325e-13 0.719386 2.22713e-14 8.38114e-15 1.59292e-15 1.12029e-17 9.01243e-19 0 1.50772e-19 0 0 3.49997e-16 2.02e-16 0 0 0 2.71051e-20 -3.38813e-21 0 1.19511e-16 0 7.55723e-18 0 3.12814e-16 0 0 7.28448e-20 0 0 1.69407e-21 1.69407e-21 1.69407e-21 0.0621786 4.91279e-20 6.92289e-14 9.7917e-19 1.50441e-15 1.00141e-13 7.13258e-12 4.07436e-16 5.36504e-16 0
-0.0336806  500 0 1.58428e-08 0 0.218435 6.35275e-19 1.616e-12 0.719386 2.24856e-14 8.76398e-15 1.68361e-14 1.48554e-16 1.15976e-17 0 1.97359e-18 0 0 3.51256e-16 1.9538e-15 0 0 0 3.93023e-19 -3.38813e-21 0 1.33847e-15 0 8.9567e-17 0 3.14027e-16 0 0 1.18754e-18 0 0 2.5411e-20 1.69407e-21 1.69407e-21 0.0621786 4.91279e-20 6.934e-14 9.7917e-19 1.50824e-15 1.00302e-13 7.15081e-12 4.08471e-16 5.38228e-16 0
-0.028125  500 0 5.65177e-08 0 0.218435 6.36969e-19 7.58121e-12 0.719386 2.45715e-14 1.26889e-14 1.80525e-13 1.99264e-15 1.51427e-16 0 2.62665e-17 0 0 3.54333e-16 1.91784e-14 0 0 0 5.61244e-18 0 0 1.51951e-14 0 1.07099e-15 0 3.18179e-16 0 0 1.79469e-17 1.35525e-20 0 4.03188e-19 1.69407e-21 3.38813e-21 0.0621786 4.91279e-20 6.9457e-14 9.80864e-19 1.51208e-15 1.00465e-13 7.16907e-12 4.0951e-16 5.39956e-16 0
-0.0253472  500 0 1.1654e-07 0 0.218435 6.36969e-19 2.8765e-11 0.719386 3.31419e-14 2.89734e-14 8.60153e-13 1.15077e-14 8.54407e-16 0 1.50694e-16 0 0 3.65678e-16 8.48417e-14 0 0 0 3.42083e-17 1.69407e-20 0 7.59961e-14 0 5.59798e-15 3.38813e-21 3.36936e-16 0 0 1.1449e-16 8.47033e-20 0 2.64782e-18 1.69407e-21 2.5411e-20 0.0621786 4.91279e-20 6.9531e-14 9.82558e-19 1.514e-15 1.0055e-13 7.17821e-12 4.1003e-16 5.40824e-16 0
-0.0225694  500 0 2.54643e-07 0 0.218435 6.38663e-19 1.36159e-10 0.719386 8.33167e-14 1.24875e-13 4.84907e-12 8.01404e-14 5.80093e-15 0 1.04187e-15 0 0 4.49361e-16 4.40491e-13 0 0 0 2.52624e-16 1.76183e-19 0 4.51977e-13 0 3.49491e-14 4.57398e-20 4.84779e-16 0 0 8.88175e-16 6.72544e-19 0 2.12012e-17 1.69407e-21 2.57498e-19 0.0621786 5.0822e-20 6.96931e-14 9.84252e-19 1.51592e-15 1.00652e-13 7.18736e-12 4.10552e-16 5.41703e-16 0
-0.0197917  500 0 5.72401e-07 0 0.218435 6.38663e-19 6.80623e-10 0.719386 3.77314e-13 6.89901e-13 2.82611e-11 5.75191e-13 4.06071e-14 0 7.42466e-15 0 0 1.09077e-15 2.36678e-12 0 0 0 1.92092e-15 1.70423e-18 0 2.77697e-12 0 2.25249e-13 5.59042e-19 1.67462e-15 0 0 7.08843e-15 5.46506e-18 0 1.74538e-16 3.38813e-21 2.69695e-18 0.0621786 5.2516e-20 7.03559e-14 9.94417e-19 1.51788e-15 1.00853e-13 7.19653e-12 4.1108e-16 5.42714e-16 0
-0.0170139  500 0 1.30353e-06 0 0.218435 6.43745e-19 3.44097e-09 0.719385 2.10024e-12 4.01916e-12 1.65673e-10 4.14602e-12 2.8552e-13 0 5.31398e-14 0 0 6.03224e-15 1.28001e-11 0 0 0 1.46636e-14 1.63613e-17 0 1.71543e-11 0 1.45907e-12 6.83725e-18 1.12758e-14 0 0 5.67768e-14 4.45014e-17 0 1.44179e-15 1.35525e-20 2.84806e-17 0.0621787 6.77626e-20 7.36719e-14 1.04185e-18 1.52001e-15 1.01526e-13 7.20578e-12 4.11639e-16 5.45206e-16 0
-0.015625  500 0 2.02576e-06 0 0.218435 6.53909e-19 9.03399e-09 0.719384 6.10206e-12 1.17917e-11 4.85291e-10 1.42511e-11 9.62382e-13 0 1.81638e-13 0 0 2.09356e-14 3.52954e-11 0 0 0 5.27553e-14 7.09272e-17 0 5.22916e-11 0 4.61316e-12 3.64326e-17 4.1538e-14 0 0 2.12313e-13 1.6866e-16 0 5.52767e-15 6.26804e-20 1.3384e-16 0.0621788 1.01644e-19 7.93058e-14 1.12147e-18 1.52158e-15 1.02383e-13 7.21046e-12 4.11961e-16 5.52659e-16 0
-0.0142361  500 0 3.21779e-06 0 0.218435 6.91179e-19 2.60085e-08 0.719383 1.98278e-11 3.85789e-11 1.58307e-09 5.5748e-11 3.68218e-12 0 7.06059e-13 0 0 8.58388e-14 1.07464e-10 0 0 0 2.17277e-13 3.59942e-16 0 1.78502e-10 0 1.64152e-11 2.05729e-16 1.7881e-13 0 0 9.1331e-13 7.36541e-16 0 2.44546e-14 3.57448e-19 7.43024e-16 0.062179 2.18535e-19 9.80904e-14 1.38575e-18 1.52638e-15 1.04935e-13 7.21531e-12 4.12463e-16 5.95906e-16 0
-0.0128472  500 0 5.1852e-06 0 0.218434 8.65668e-19 7.75254e-08 0.719381 6.69054e-11 1.30899e-10 5.35359e-09 2.26157e-10 1.4611e-11 0 2.8463e-12 0 0 3.68493e-13 3.38993e-10 1.69407e-21 0 0 9.27861e-13 1.89074e-15 0 6.31842e-10 0 6.05762e-11 1.17164e-15 8.01494e-13 0 0 4.07269e-12 3.33399e-15 0 1.1213e-13 2.16332e-18 4.26528e-15 0.0621793 6.2511e-19 1.6188e-13 2.28699e-18 1.55452e-15 1.13159e-13 7.22067e-12 4.13937e-16 8.57528e-16 0
-0.0114583  500 0 8.43242e-06 0 0.218434 1.73303e-18 2.33879e-07 0.719378 2.28376e-10 4.49074e-10 1.83042e-08 9.25954e-10 5.85256e-11 0 1.1581e-11 0 0 1.59946e-12 1.08179e-09 8.47033e-21 0 0 3.99695e-12 9.99879e-15 0 2.26022e-09 0 2.2582e-10 6.6805e-15 3.62607e-12 0 0 1.8312e-11 1.52146e-14 8.47033e-21 5.18269e-13 1.32442e-17 2.46307e-14 0.0621797 2.04135e-18 3.76716e-13 5.32276e-18 1.7585e-15 1.3962e-13 7.22756e-12 4.21655e-16 2.45139e-15 0
-0.0100694  500.002 0 1.37922e-05 0 0.218433 6.24602e-18 7.08418e-07 0.719372 7.82211e-10 1.54566e-09 6.27862e-08 3.79973e-09 2.34986e-10 0 4.72289e-11 0 5.0822e-21 6.96042e-12 3.46486e-09 3.38813e-20 0 0 1.72528e-11 5.29445e-14 0 8.10937e-09 0 8.44143e-10 3.80971e-14 1.64388e-11 0 0 8.24886e-11 6.95559e-14 1.16891e-19 2.39963e-12 8.12203e-17 1.42381e-13 0.0621804 7.01174e-18 1.06694e-12 1.50738e-17 3.31177e-15 2.18083e-13 7.23835e-12 4.74864e-16 1.21729e-14 0
-0.009375  500.003 1.69407e-21 1.77797e-05 0 0.218432 1.58937e-17 1.30783e-06 0.719367 1.56381e-09 3.10002e-09 1.25641e-07 8.58452e-09 5.2294e-10 0 1.06243e-10 0 3.55754e-20 1.63859e-11 6.62986e-09 7.96211e-20 0 0 4.03801e-11 1.43618e-13 0 1.67194e-08 0 1.78908e-09 1.0921e-13 3.98356e-11 0 0 1.98978e-10 1.69559e-13 6.04782e-19 5.90297e-12 2.46092e-16 4.12406e-13 0.0621809 1.42725e-17 1.85264e-12 2.6175e-17 8.00479e-15 2.93731e-13 7.24608e-12 6.34558e-16 3.56279e-14 0
-0.00868056  500.007 5.0822e-21 2.30645e-05 3.38813e-21 0.218431 4.59668e-17 2.51719e-06 0.719361 3.29503e-09 6.55584e-09 2.65016e-07 2.08016e-08 1.24546e-09 0 2.56174e-10 0 2.40557e-19 4.16235e-11 1.32896e-08 2.06676e-19 0 0 1.0189e-10 4.29101e-13 0 3.64883e-08 0 4.02949e-09 3.32551e-13 1.046e-10 0 0 5.19736e-10 4.48271e-13 3.3678e-18 1.5769e-11 8.34244e-16 1.32804e-12 0.0621817 3.10167e-17 3.51107e-12 4.96124e-17 2.85825e-14 4.36158e-13 7.25778e-12 1.35751e-15 1.18901e-13 0
-0.00833333  500.011 1.18585e-20 2.63516e-05 1.01644e-20 0.21843 8.51539e-17 3.58334e-06 0.719357 4.94941e-09 9.86909e-09 3.98333e-07 3.40266e-08 2.01561e-09 0 4.17761e-10 0 7.708e-19 7.01195e-11 1.9377e-08 3.59142e-19 0 0 1.70925e-10 8.01873e-13 1.69407e-21 5.59808e-08 0 6.30154e-09 6.2258e-13 1.79924e-10 0 0 8.91037e-10 7.7441e-13 9.18523e-18 2.74215e-11 1.69461e-15 2.60681e-12 0.0621821 4.78099e-17 4.96153e-12 7.01174e-17 6.50313e-14 5.47968e-13 7.26614e-12 2.68753e-15 2.4018e-13 0
-0.00798611  500.016 3.21873e-20 3.01736e-05 3.21873e-20 0.218429 1.65088e-16 5.19194e-06 0.719352 7.60881e-09 1.5209e-08 6.12801e-07 5.7523e-08 3.3669e-09 0 7.03821e-10 0 2.5123e-18 1.22518e-10 2.88254e-08 6.55604e-19 0 0 2.97246e-10 1.57513e-12 1.69407e-21 8.81049e-08 0 1.01311e-08 1.20715e-12 3.21838e-10 0 0 1.58788e-09 1.39197e-12 2.63935e-17 4.96556e-11 3.65947e-15 5.4143e-12 0.0621827 7.60941e-17 7.35952e-12 1.04029e-16 1.63305e-13 7.21648e-13 7.27862e-12 6.40678e-15 5.16112e-13 0
-0.00763889  500.026 9.14796e-20 3.46174e-05 9.65618e-20 0.218428 3.29453e-16 7.61898e-06 0.719345 1.18838e-08 2.38151e-08 9.5782e-07 9.92681e-08 5.73782e-09 1.69407e-21 1.21024e-09 0 8.40595e-18 2.18871e-10 4.34902e-08 1.26547e-18 0 0 5.28389e-10 3.1792e-12 5.0822e-21 1.41046e-07 1.69407e-21 1.65857e-08 2.38255e-12 5.8921e-10 0 0 2.89569e-09 2.56138e-12 7.84861e-17 9.20801e-11 8.14693e-15 1.15779e-11 0.0621833 1.24299e-16 1.14178e-11 1.6145e-16 4.28303e-13 1.00237e-12 7.29939e-12 1.6818e-14 1.1439e-12 0
-0.00729167  500.041 2.59192e-19 3.97842e-05 3.03238e-19 0.218425 6.7128e-16 1.12808e-05 0.719337 1.8756e-08 3.76852e-08 1.51285e-06 1.73434e-07 9.89772e-09 5.0822e-21 2.10674e-09 0 2.8545e-17 3.96049e-10 6.62514e-08 2.5987e-18 0 0 9.51331e-10 6.50692e-12 1.01644e-20 2.28294e-07 3.38813e-21 2.74649e-08 4.74329e-12 1.09295e-09 0 0 5.35012e-09 4.77577e-12 2.37969e-16 1.73029e-10 1.83962e-14 2.51095e-11 0.0621841 2.07723e-16 1.84358e-11 2.60825e-16 1.14292e-12 1.47148e-12 7.3385e-12 4.59768e-14 2.57221e-12 0
-0.00694444  500.066 7.50471e-19 4.57918e-05 9.57147e-19 0.218422 1.39357e-15 1.68057e-05 0.719327 2.98037e-08 6.00387e-08 2.40574e-06 3.052e-07 1.71963e-08 1.69407e-20 3.6938e-09 0 9.75003e-17 7.21855e-10 1.01579e-07 5.75644e-18 0 0 1.72522e-09 1.34111e-11 2.03288e-20 3.72079e-07 8.47033e-21 4.58015e-08 9.48217e-12 2.04198e-09 0 0 9.95638e-09 8.96906e-12 7.27393e-16 3.27483e-10 4.18073e-14 5.48158e-11 0.062185 3.55075e-16 3.0824e-11 4.36464e-16 3.07001e-12 2.27659e-12 7.42149e-12 1.27662e-13 5.82172e-12 0
-0.00659722  500.106 2.19043e-18 5.27769e-05 3.06118e-18 0.218417 2.95166e-15 2.51413e-05 0.719314 4.75646e-08 9.60629e-08 3.84209e-06 5.39292e-07 3.00015e-08 4.91279e-20 6.50326e-09 0 3.32965e-16 1.32098e-09 1.5641e-07 1.39117e-17 0 0 3.14121e-09 2.77378e-11 4.74338e-20 6.09032e-07 2.87991e-20 7.67066e-08 1.89924e-11 3.82991e-09 0 0 1.86008e-08 1.691e-11 2.216e-15 6.22179e-10 9.5291e-14 1.20028e-10 0.0621862 6.22457e-16 5.3108e-11 7.53046e-16 8.26668e-12 3.68506e-12 7.61671e-12 3.56521e-13 1.32143e-11 0
-0.00642361  500.135 3.81673e-18 5.66956e-05 5.89366e-18 0.218413 4.41142e-15 3.08993e-05 0.719305 6.04931e-08 1.22336e-07 4.8881e-06 7.24506e-07 4.00267e-08 8.97855e-20 8.7194e-09 0 6.61599e-16 1.80903e-09 1.95177e-07 2.28157e-17 0 0 4.28976e-09 4.068e-11 7.28448e-20 7.85082e-07 5.2516e-20 1.00102e-07 2.73373e-11 5.31649e-09 0 0 2.57647e-08 2.35424e-11 4.05048e-15 8.69863e-10 1.47809e-13 1.8186e-10 0.0621868 8.42105e-16 7.11472e-11 1.00985e-15 1.41713e-11 4.79412e-12 7.82737e-12 6.25592e-13 2.04451e-11 0
-0.00625  500.174 6.75085e-18 6.09332e-05 1.12232e-17 0.218409 6.71415e-15 3.81215e-05 0.719296 7.73505e-08 1.56641e-07 6.25241e-06 9.81627e-07 5.38331e-08 1.66018e-19 1.17889e-08 0 1.31852e-15 2.50181e-09 2.44643e-07 3.89229e-17 0 0 5.91474e-09 6.05826e-11 1.15196e-19 1.01816e-06 9.65618e-20 1.31515e-07 3.97933e-11 7.46001e-09 1.69407e-21 0 3.60683e-08 3.3139e-11 7.526e-15 1.22998e-09 2.34071e-13 2.80639e-10 0.0621876 1.15924e-15 9.81715e-11 1.39526e-15 2.50845e-11 6.45287e-12 8.21845e-12 1.13709e-12 3.22848e-11 0
-0.00607639  500.224 1.20804e-17 6.55154e-05 2.1352e-17 0.218403 1.03884e-14 4.71804e-05 0.719285 9.93312e-08 2.01432e-07 8.03183e-06 1.33856e-06 7.28463e-08 3.11708e-19 1.60402e-08 1.69407e-21 2.64451e-15 3.48519e-09 3.07761e-07 6.87469e-17 0 0 8.21371e-09 9.11919e-11 1.88041e-19 1.32674e-06 1.81265e-19 1.73691e-07 5.83704e-11 1.05507e-08 1.69407e-21 0 5.08873e-08 4.7025e-11 1.4152e-14 1.75355e-09 3.75772e-13 4.38434e-10 0.0621884 1.62453e-15 1.39615e-10 1.98769e-15 4.5254e-11 9.01504e-12 8.95819e-12 2.10939e-12 5.16706e-11 1.69407e-21
-0.00590278  500.29 2.18043e-17 7.04704e-05 4.06677e-17 0.218395 1.63183e-14 5.85424e-05 0.719271 1.27993e-07 2.59913e-07 1.03526e-05 1.83404e-06 9.90289e-08 5.89535e-19 2.19281e-08 3.38813e-21 5.33303e-15 4.88106e-09 3.88296e-07 1.25034e-16 0 0 1.14661e-08 1.38274e-10 3.1679e-19 1.73525e-06 3.47284e-19 2.30317e-07 8.60614e-11 1.50068e-08 3.38813e-21 1.69407e-21 7.21996e-08 6.71183e-11 2.68472e-14 2.51473e-09 6.08575e-13 6.90491e-10 0.0621894 2.31913e-15 2.04618e-10 2.91966e-15 8.25288e-11 1.30916e-11 1.03753e-11 3.95755e-12 8.34106e-11 1.69407e-21
-0.00572917  500.377 3.96191e-17 7.58282e-05 7.75425e-17 0.218385 2.60061e-14 7.27926e-05 0.719256 1.6537e-07 3.36262e-07 1.33793e-05 2.52181e-06 1.35082e-07 1.12994e-18 3.00822e-08 6.77626e-21 1.07965e-14 6.86246e-09 4.9105e-07 2.32888e-16 0 0 1.60671e-08 2.10707e-10 5.50571e-19 2.27604e-06 6.65768e-19 3.06338e-07 1.27322e-10 2.14313e-08 1.01644e-20 1.69407e-21 1.02849e-07 9.61951e-11 5.12616e-14 3.62131e-09 9.91114e-13 1.09309e-09 0.0621905 3.37602e-15 3.08747e-10 4.4184e-15 1.51411e-10 1.97513e-11 1.31131e-11 7.47034e-12 1.35374e-10 5.0822e-21
-0.00555556  500.49 7.23434e-17 8.16216e-05 1.47948e-16 0.218373 4.20372e-14 9.06639e-05 0.719237 2.14112e-07 4.35931e-07 1.73265e-05 3.47644e-06 1.84725e-07 2.17687e-18 4.13741e-08 1.35525e-20 2.1911e-14 9.67502e-09 6.22147e-07 4.42022e-16 0 0 2.25755e-08 3.22167e-10 9.84252e-19 2.9919e-06 1.28918e-18 4.08393e-07 1.88787e-10 3.06931e-08 2.20229e-20 3.38813e-21 1.46923e-07 1.38275e-10 9.83382e-14 5.22989e-09 1.61984e-12 1.73609e-09 0.0621918 5.0173e-15 4.78792e-10 6.8781e-15 2.78688e-10 3.0883e-11 1.84332e-11 1.41464e-11 2.20441e-10 1.52466e-20
-0.00538194  500.639 1.32581e-16 8.78858e-05 2.82336e-16 0.218356 6.89129e-14 0.000113075 0.719215 2.77681e-07 5.66029e-07 2.24738e-05 4.80135e-06 2.53071e-07 4.22331e-18 5.70098e-08 3.21873e-20 4.45266e-14 1.36674e-08 7.89396e-07 8.51214e-16 0 0 3.17813e-08 4.93734e-10 1.81604e-18 3.93945e-06 2.50722e-18 5.45387e-07 2.80331e-10 4.4044e-08 5.2516e-20 6.77626e-21 2.10296e-07 1.99177e-10 1.89268e-13 7.56801e-09 2.6535e-12 2.7629e-09 0.0621932 7.62074e-15 7.61221e-10 1.099e-14 5.13839e-10 4.98565e-11 2.88114e-11 2.68327e-11 3.59682e-10 4.06576e-20
-0.00520833  500.833 2.43651e-16 9.46586e-05 5.38684e-16 0.218335 1.14555e-13 0.000141176 0.719189 3.60594e-07 7.35825e-07 2.91854e-05 6.63998e-06 3.47156e-07 8.23485e-18 7.86577e-08 7.6233e-20 9.05245e-14 1.93344e-08 1.00275e-06 1.6573e-15 0 0 4.48008e-08 7.57926e-10 3.44573e-18 5.19353e-06 4.90093e-18 7.29263e-07 4.16653e-10 6.32867e-08 1.27055e-19 1.35525e-20 3.01407e-07 2.87334e-10 3.6504e-13 1.09661e-08 4.35354e-12 4.40238e-09 0.0621949 1.18396e-14 1.23715e-09 1.79778e-14 9.48219e-10 8.2729e-11 4.91109e-11 5.0936e-11 5.87565e-10 1.10114e-19
-0.00503472  501.087 4.48706e-16 0.000101981 1.02723e-15 0.218308 1.9304e-13 0.000176406 0.719158 4.6875e-07 9.57389e-07 3.79357e-05 9.19114e-06 4.76654e-07 1.61512e-17 1.08625e-07 1.79571e-19 1.83986e-13 2.73785e-08 1.27487e-06 3.25339e-15 0 0 6.32114e-08 1.16495e-09 6.70003e-18 6.85308e-06 9.62907e-18 9.76029e-07 6.19624e-10 9.10172e-08 3.0832e-19 2.5411e-20 4.32379e-07 4.14962e-10 7.04794e-13 1.5904e-08 7.15099e-12 7.01955e-09 0.0621968 1.88203e-14 2.04875e-09 3.00259e-14 1.75045e-09 1.4046e-10 8.8888e-11 9.67211e-11 9.60452e-10 3.01544e-19
-0.00486111  501.419 8.27649e-16 0.000109897 1.95735e-15 0.218273 3.2959e-13 0.000220566 0.71912 6.09855e-07 1.24644e-06 4.93421e-05 1.27303e-05 6.54853e-07 3.18603e-17 1.50101e-07 4.35375e-19 3.73594e-13 3.87967e-08 1.62192e-06 6.42585e-15 1.69407e-21 0 8.92405e-08 1.79246e-09 1.33204e-17 9.04884e-06 1.90108e-17 1.30714e-06 9.21786e-10 1.30971e-07 7.60636e-19 5.0822e-20 6.20611e-07 5.99781e-10 1.36084e-12 2.30778e-08 1.17572e-11 1.11963e-08 0.0621991 3.06011e-14 3.44593e-09 5.10653e-14 3.23164e-09 2.42985e-10 1.66925e-10 1.83666e-10 1.57045e-09 8.36869e-19
-0.0046875  501.854 1.52852e-15 0.000118453 3.7262e-15 0.218226 5.69723e-13 0.000275906 0.719075 7.9398e-07 1.62341e-06 6.42079e-05 1.76389e-05 9.00002e-07 6.32412e-17 2.07489e-07 1.06557e-18 7.57453e-13 5.50038e-08 2.06441e-06 1.27501e-14 3.38813e-21 0 1.26031e-07 2.7607e-09 2.69831e-17 1.19534e-05 3.77353e-17 1.75131e-06 1.37154e-09 1.88519e-07 1.89905e-18 1.10114e-19 8.91064e-07 8.67504e-10 2.62506e-12 3.34972e-08 1.93479e-11 1.78598e-08 0.0622017 5.08473e-14 5.86838e-09 8.82289e-14 5.96541e-09 4.26742e-10 3.20134e-10 3.48712e-10 2.56803e-09 2.34967e-18
-0.00451389  502.422 2.82573e-15 0.000127701 7.08651e-15 0.218167 9.96068e-13 0.000345234 0.71902 1.0343e-06 2.11485e-06 8.35769e-05 2.44444e-05 1.23713e-06 1.26421e-16 2.86867e-07 2.64274e-18 1.53249e-12 7.80072e-08 2.62846e-06 2.53866e-14 6.77626e-21 0 1.78015e-07 4.25629e-09 5.54993e-17 1.57943e-05 7.5347e-17 2.34697e-06 2.04082e-09 2.71379e-07 4.79251e-18 2.59192e-19 1.27952e-06 1.2555e-09 5.05337e-12 4.86252e-08 3.18704e-11 2.84856e-08 0.0622049 8.62151e-14 1.00895e-08 1.54571e-13 1.10086e-08 7.5857e-10 6.21026e-10 6.61859e-10 4.19872e-09 6.6526e-18
-0.00434028  503.164 5.22824e-15 0.000137693 1.34644e-14 0.218089 1.75931e-12 0.00043205 0.718954 1.34806e-06 2.75517e-06 0.000108804 3.38762e-05 1.70051e-06 2.54794e-16 3.96611e-07 6.62719e-18 3.09214e-12 1.10655e-07 3.34721e-06 5.06832e-14 1.69407e-20 0 2.51435e-07 6.56968e-09 1.15576e-16 2.08715e-05 1.51478e-16 3.14545e-06 3.03656e-09 3.90628e-07 1.22159e-17 6.42051e-19 1.8372e-06 1.81816e-09 9.69631e-12 7.05794e-08 5.2557e-11 4.54201e-08 0.0622086 1.48895e-13 1.74672e-08 2.74223e-13 2.03065e-08 1.36143e-09 1.21193e-09 1.25563e-09 6.86285e-09 1.896e-17
-0.00416667  504.133 9.68074e-15 0.000148487 2.55624e-14 0.217987 3.1352e-12 0.000540705 0.718874 1.75785e-06 3.5889e-06 0.000141646 4.69403e-05 2.33703e-06 5.18443e-16 5.48246e-07 1.67746e-17 6.21804e-12 1.56986e-07 4.26266e-06 1.01407e-13 4.06576e-20 0 3.55071e-07 1.01543e-08 2.4307e-16 2.75794e-05 3.07005e-16 4.21525e-06 4.51749e-09 5.6214e-07 3.14046e-17 1.66357e-18 2.63735e-06 2.63484e-09 1.85186e-11 1.02421e-07 8.67892e-11 7.23881e-08 0.0622129 2.61385e-13 3.03786e-08 4.92302e-13 3.74347e-08 2.46189e-09 2.37193e-09 2.38054e-09 1.12122e-08 5.42423e-17
-0.00399306  505.398 1.79382e-14 0.000160142 4.85089e-14 0.217856 5.62931e-12 0.000676594 0.718776 2.29333e-06 4.67348e-06 0.000184375 6.50223e-05 3.21066e-06 1.06676e-15 7.57599e-07 4.27701e-17 1.24526e-11 2.22723e-07 5.42794e-06 2.03271e-13 1.06726e-19 0 5.01249e-07 1.57211e-08 5.15284e-16 3.64359e-05 6.2826e-16 5.64757e-06 6.71915e-09 8.08619e-07 8.13406e-17 4.46217e-18 3.7845e-06 3.82165e-09 3.51461e-11 1.48564e-07 1.4356e-10 1.15292e-07 0.0622181 4.65473e-13 5.29655e-08 8.94347e-13 6.89544e-08 4.4777e-09 4.64722e-09 4.50943e-09 1.83061e-08 1.55329e-16
-0.00381944  507.045 3.32645e-14 0.000172723 9.20599e-14 0.217684 1.01695e-11 0.000846388 0.718657 2.99348e-06 6.08272e-06 0.000239922 9.00262e-05 4.40842e-06 2.22361e-15 1.04635e-06 1.09618e-16 2.4815e-11 3.15977e-07 6.91007e-06 4.08146e-13 2.72745e-19 0 7.07234e-07 2.439e-08 1.09947e-15 4.81187e-05 1.30066e-15 7.56349e-06 9.99059e-09 1.16246e-06 2.11985e-16 1.2282e-17 5.42746e-06 5.54928e-09 6.61574e-11 2.15366e-07 2.37963e-10 1.83462e-07 0.0622241 8.39278e-13 9.24007e-08 1.64525e-12 1.26879e-07 8.17794e-09 9.10441e-09 8.53267e-09 2.9862e-08 4.43772e-16
-0.00364583  509.188 6.17388e-14 0.000186294 1.74854e-13 0.217461 1.84572e-11 0.00105829 0.718513 3.90962e-06 7.91103e-06 0.000312059 0.000124559 6.04827e-06 4.70399e-15 1.44409e-06 2.81782e-16 4.91585e-11 4.48215e-07 8.79329e-06 8.20864e-13 7.03037e-19 0 9.9713e-07 3.79352e-08 2.35898e-15 6.35123e-05 2.73027e-15 1.01233e-05 1.48484e-08 1.66972e-06 5.55181e-16 3.44488e-17 7.77743e-06 8.07004e-09 1.2323e-10 3.11946e-07 3.95468e-10 2.916e-07 0.0622312 1.52968e-12 1.61009e-07 3.06931e-12 2.33142e-07 1.49737e-08 1.78197e-08 1.61221e-08 4.86569e-08 1.26027e-15
-0.00347222  511.973 1.14705e-13 0.000200921 3.32714e-13 0.217172 3.36071e-11 0.00132233 0.718336 5.10953e-06 1.02784e-05 0.000405614 0.000172177 8.2893e-06 1.01157e-14 1.99102e-06 7.2483e-16 9.67016e-11 6.35641e-07 1.1183e-05 1.65372e-12 1.8262e-18 0 1.40446e-06 5.91866e-08 5.08695e-15 8.37654e-05 5.82571e-15 1.35382e-05 2.20559e-08 2.39566e-06 1.45936e-15 9.79526e-17 1.11329e-05 1.17597e-08 2.26518e-10 4.51335e-07 6.59303e-10 4.62775e-07 0.0622392 2.81456e-12 2.79756e-07 5.81953e-12 4.27638e-07 2.74365e-08 3.48173e-08 3.0405e-08 7.91624e-08 3.54262e-15
-0.00329861  515.584 2.13384e-13 0.00021667 6.35069e-13 0.216797 6.13002e-11 0.00165068 0.718121 6.68287e-06 1.33359e-05 0.000526738 0.000237706 1.13447e-05 2.21393e-14 2.74148e-06 1.86108e-15 1.88655e-10 9.01088e-07 1.42103e-05 3.33761e-12 4.77388e-18 0 1.9756e-06 9.26902e-08 1.10254e-14 0.000110362 1.26689e-14 1.80851e-05 3.27388e-08 3.43219e-06 3.8456e-15 2.81359e-16 1.59139e-05 1.71838e-08 4.09545e-10 6.52063e-07 1.10334e-09 7.33004e-07 0.0622482 5.22292e-12 4.83877e-07 1.12473e-11 7.82596e-07 5.02031e-08 6.78542e-08 5.72042e-08 1.28545e-07 9.80989e-15
-0.003125  520.252 3.9761e-13 0.000233604 1.2179e-12 0.216311 1.11849e-10 0.00205798 0.717859 8.74868e-06 1.72722e-05 0.000683209 0.000327649 1.5498e-05 4.93426e-14 3.76836e-06 4.75672e-15 3.64474e-10 1.27662e-06 1.8037e-05 6.7494e-12 1.25886e-17 0 2.77431e-06 1.45804e-07 2.40344e-14 0.000145204 2.81508e-14 2.41239e-05 4.85533e-08 4.90791e-06 1.01468e-14 8.14368e-16 2.27068e-05 2.52036e-08 7.25402e-10 9.40307e-07 1.85467e-09 1.15814e-06 0.0622577 9.76951e-12 8.31696e-07 2.22368e-11 1.42799e-06 9.14946e-08 1.31772e-07 1.07294e-07 2.08218e-07 2.66163e-14
-0.00295139  526.268 7.42486e-13 0.000251783 2.35093e-12 0.215685 2.03862e-10 0.00256159 0.71754 1.14654e-05 2.2319e-05 0.00088478 0.000450696 2.11222e-05 1.11965e-13 5.16855e-06 1.2066e-14 6.96153e-10 1.80708e-06 2.2861e-05 1.36782e-11 3.35442e-17 1.69407e-21 3.8875e-06 2.30524e-07 5.27816e-14 0.000190709 6.40599e-14 3.2119e-05 7.19301e-08 7.00123e-06 2.67791e-14 2.3713e-15 3.23244e-05 3.71522e-08 1.25263e-09 1.35274e-06 3.13343e-09 1.82406e-06 0.0622668 1.84189e-11 1.418e-06 4.51527e-11 2.59595e-06 1.65528e-07 2.54697e-07 2.00461e-07 3.36211e-07 7.03418e-14
-0.00277778  533.99 1.39047e-12 0.000271257 4.57713e-12 0.21488 3.70725e-10 0.00318179 0.717153 1.50444e-05 2.87564e-05 0.00114354 0.000618342 2.87017e-05 2.58417e-13 7.06937e-06 3.02782e-14 1.31205e-09 2.55471e-06 2.89214e-05 2.77846e-11 9.05275e-17 5.0822e-21 5.43245e-06 3.66527e-07 1.17147e-13 0.000249912 1.49538e-13 4.26626e-05 1.06428e-07 9.95698e-06 7.06287e-14 6.94031e-15 4.58812e-05 5.51304e-08 2.09639e-09 1.94021e-06 5.32295e-09 2.86147e-06 0.0622737 3.50241e-11 2.39343e-06 9.45409e-11 4.69705e-06 2.95973e-07 4.89252e-07 3.72687e-07 5.40734e-07 1.79954e-13
-0.00260417  543.851 2.61388e-12 0.000292064 9.00718e-12 0.213848 6.72121e-10 0.00394181 0.716685 1.97685e-05 3.69149e-05 0.00147428 0.000845585 3.88551e-05 6.05718e-13 9.6358e-06 7.49217e-14 2.43477e-09 3.60519e-06 3.65027e-05 5.65821e-11 2.48054e-16 1.86347e-20 7.56539e-06 5.86219e-07 2.64348e-13 0.000326571 3.58371e-13 5.64989e-05 1.57249e-07 1.41068e-05 1.8609e-13 2.0419e-14 6.48859e-05 8.25194e-08 3.3764e-09 2.77234e-06 9.09277e-09 4.46661e-06 0.0622748 6.72912e-11 3.99101e-06 2.04818e-10 8.44901e-06 5.20002e-07 9.3224e-07 6.88635e-07 8.65374e-07 4.42953e-13
-0.00243056  556.367 4.93876e-12 0.000314225 1.79528e-11 0.212535 1.21511e-09 0.00486761 0.716122 2.60156e-05 4.71727e-05 0.00189476 0.00115169 5.23569e-05 1.43933e-12 1.30779e-05 1.82315e-13 4.43769e-09 5.07496e-06 4.59372e-05 1.15553e-10 6.91806e-16 7.45389e-20 1.04913e-05 9.42997e-07 6.13269e-13 0.000425259 8.81488e-13 7.45477e-05 2.31987e-07 1.98925e-05 4.90119e-13 6.04856e-14 9.13493e-05 1.24886e-07 5.1905e-09 3.94299e-06 1.56115e-08 6.92948e-06 0.062264 1.31153e-10 6.55958e-06 4.60082e-10 1.50884e-05 8.90621e-07 1.75767e-06 1.26282e-06 1.37649e-06 1.04377e-12
-0.00225694  572.138 9.39479e-12 0.00033774 3.63154e-11 0.210875 2.19525e-09 0.0059873 0.715451 3.42906e-05 5.99464e-05 0.00242593 0.00156095 7.01522e-05 3.46261e-12 1.76578e-05 4.35778e-13 7.92206e-09 7.11974e-06 5.76051e-05 2.36821e-10 1.96852e-15 2.9985e-19 1.44739e-05 1.52448e-06 1.49399e-12 0.000551423 2.22246e-12 9.79231e-05 3.41748e-07 2.78917e-05 1.29372e-12 1.81176e-13 0.000127902 1.91614e-07 7.54979e-09 5.57636e-06 2.69063e-08 1.06702e-05 0.0622307 2.61566e-10 1.06006e-05 1.0714e-09 2.67088e-05 1.47087e-06 3.26837e-06 2.29447e-06 2.1733e-06 2.34841e-12
-0.00208333  591.838 1.80324e-11 0.000362584 7.47035e-11 0.208793 3.98412e-09 0.00733022 0.714659 4.52655e-05 7.56704e-05 0.0030919 0.0021033 9.33601e-05 8.43352e-12 2.36944e-05 1.02503e-12 1.38086e-08 9.94358e-06 7.19293e-05 4.88117e-10 5.72865e-15 1.23497e-18 1.98458e-05 2.47302e-06 3.97724e-12 0.000711395 5.73372e-12 0.000127942 5.02861e-07 3.88427e-05 3.44168e-12 5.53843e-13 0.000177911 2.98895e-07 1.03104e-08 7.83327e-06 4.64456e-08 1.62831e-05 0.062157 5.43807e-10 1.67978e-05 2.57819e-09 4.67835e-05 2.30661e-06 5.96634e-06 4.12315e-06 3.40114e-06 5.05359e-12
-0.00190972  616.203 3.50317e-11 0.000388705 1.56633e-10 0.206207 7.32745e-09 0.00892568 0.713738 5.9828e-05 9.47641e-05 0.00391965 0.00281474 0.000123258 2.08467e-11 3.15658e-05 2.38635e-12 2.34214e-08 1.38072e-05 8.93673e-05 1.01859e-09 1.70942e-14 5.27024e-18 2.70157e-05 4.01608e-06 1.23786e-11 0.000912337 1.51253e-11 0.000166121 7.39568e-07 5.36654e-05 9.30825e-12 1.75865e-12 0.00024558 4.75316e-07 1.31718e-08 1.0917e-05 8.00278e-08 2.45861e-05 0.0620142 1.22524e-09 2.60117e-05 6.36563e-09 8.09398e-05 3.36042e-06 1.06202e-05 7.3137e-06 5.26784e-06 1.04753e-11
-0.00173611  646.002 6.92099e-11 0.000416026 3.35642e-10 0.203029 1.37727e-08 0.0108014 0.712688 7.9142e-05 0.000117585 0.00493853 0.00373737 0.000161244 5.25284e-11 4.17067e-05 5.53595e-12 3.85289e-08 1.90342e-05 0.000110397 2.19768e-09 5.24494e-14 2.39355e-17 3.64734e-05 6.50866e-06 4.88738e-11 0.0011621 4.08527e-11 0.000214152 1.0884e-06 7.34748e-05 2.57929e-11 5.98025e-12 0.000336022 7.72412e-07 1.58105e-08 1.50778e-05 1.37001e-07 3.66676e-05 0.0617575 3.21157e-09 3.91717e-05 1.59381e-08 0.000138057 4.40901e-06 1.82427e-05 1.27804e-05 8.06296e-06 2.11158e-11
-0.0015625  682.004 1.40051e-10 0.00044445 7.36764e-10 0.199171 2.63954e-08 0.0129822 0.711518 0.000104718 0.000144367 0.00617949 0.0049191 0.00020877 1.35165e-10 5.46018e-05 1.27808e-11 6.13585e-08 2.60127e-05 0.000135504 5.2118e-09 1.65848e-13 1.21398e-16 4.87892e-05 1.0488e-05 2.53703e-10 0.00146904 1.13112e-10 0.000273873 1.60537e-06 9.95843e-05 7.30626e-11 2.28135e-11 0.000455278 1.28493e-06 1.80945e-08 2.06148e-05 2.31613e-07 5.39216e-05 0.061319 1.0703e-08 5.69154e-05 3.97631e-08 0.000231741 4.99597e-06 2.97527e-05 2.19571e-05 1.21786e-05 4.14767e-11
-0.00138889  724.931 2.93047e-10 0.000473872 1.65978e-09 0.194549 5.05627e-08 0.0154887 0.710259 0.000138502 0.000175139 0.00767423 0.00641295 0.000267257 3.53227e-10 7.07755e-05 2.89484e-11 9.50168e-08 3.51813e-05 0.000165161 1.54933e-08 5.41423e-13 7.5537e-16 6.46101e-05 1.67363e-05 1.64423e-09 0.00184177 3.19841e-10 0.000347215 2.37774e-06 0.000133498 2.08567e-10 1.03402e-10 0.00061029 2.19013e-06 2.01999e-08 2.78767e-05 3.83673e-07 7.80514e-05 0.0605994 4.66543e-08 7.87536e-05 9.64296e-08 0.000382163 4.66222e-06 4.49519e-05 3.70086e-05 1.81284e-05 7.84094e-11
-0.00121528  775.422 6.42726e-10 0.000504189 3.86033e-09 0.189087 9.54002e-08 0.0183369 0.708964 0.000182974 0.000209604 0.0094544 0.00827625 0.000337977 9.35388e-10 9.07816e-05 6.41185e-11 1.46281e-07 4.69297e-05 0.000199821 6.42486e-08 1.83672e-12 6.27356e-15 8.46535e-05 2.63319e-05 1.21224e-08 0.00228896 9.20635e-10 0.000436167 3.54219e-06 0.000176886 5.99874e-10 5.74649e-10 0.00080884 3.82526e-06 2.25594e-08 3.72591e-05 6.16175e-07 0.000111013 0.0594586 2.42099e-07 0.000101716 2.19949e-07 0.000617999 3.47472e-06 6.07658e-05 6.10259e-05 2.65435e-05 1.41808e-10
-0.00104167  833.994 1.51581e-09 0.000535325 9.42394e-09 0.182722 1.83449e-07 0.0215387 0.707723 0.000241198 0.00024695 0.0115512 0.0105699 0.000421905 2.56902e-09 0.000115195 1.45821e-10 2.35336e-07 6.10288e-05 0.000239912 3.28707e-07 6.60294e-12 6.45866e-14 0.000109702 4.05944e-05 9.3715e-08 0.00281923 2.74236e-09 0.000542743 5.30967e-06 0.000231509 1.82351e-09 3.67974e-09 0.00105946 6.8419e-06 2.57264e-08 4.92022e-05 9.42503e-07 0.00015485 0.0577055 1.27959e-06 0.000119034 4.52132e-07 0.000977254 2.08676e-06 7.0043e-05 9.79784e-05 3.80298e-05 2.55301e-10
-0.000868056  901.011 3.96924e-09 0.000567244 2.46106e-08 0.175413 3.81609e-07 0.0251032 0.706667 0.0003165 0.00028547 0.0139954 0.013358 0.000519452 7.56435e-09 0.000144611 3.65171e-10 4.09993e-07 7.43657e-05 0.000285832 1.61453e-06 2.58656e-11 6.85085e-13 0.000140602 6.03486e-05 7.03443e-07 0.00344113 8.69812e-09 0.000668989 7.98729e-06 0.000298919 6.22923e-09 2.30447e-08 0.00137141 1.25033e-05 3.01407e-08 6.419e-05 1.31387e-06 0.00021134 0.0550891 5.94726e-06 0.000120288 7.8873e-07 0.00150268 1.0211e-06 6.38e-05 0.000151739 5.24185e-05 4.82981e-10
-0.000694444  976.647 1.15971e-08 0.000599967 6.90982e-08 0.167139 8.50675e-07 0.0290385 0.705977 0.000410934 0.000321846 0.0168178 0.0167086 0.000629808 2.38065e-08 0.000179652 1.00536e-09 7.16236e-07 7.71266e-05 0.000337894 6.2806e-06 1.1184e-10 6.10272e-12 0.000178256 8.20812e-05 4.51696e-06 0.00416298 2.9348e-08 0.00081704 1.19534e-05 0.000379677 2.41665e-08 1.10955e-07 0.00175461 2.31841e-05 3.57895e-08 8.27517e-05 1.46466e-06 0.000281343 0.0512995 2.1532e-05 9.84946e-05 1.08448e-06 0.00222213 3.94912e-07 4.04498e-05 0.000223061 6.66556e-05 9.26388e-10
-0.000520833  1060.86 3.73063e-08 0.000633565 2.08933e-07 0.157908 1.95995e-06 0.033353 0.705885 0.000522085 0.000349944 0.0200502 0.0206947 0.000749398 7.92364e-08 0.000220951 2.94966e-09 1.07801e-06 6.00307e-05 0.000396076 1.75554e-05 5.23899e-10 4.01111e-11 0.000223374 9.10045e-05 2.08247e-05 0.00499078 1.05085e-07 0.000989254 1.74979e-05 0.000473087 1.05657e-07 2.9856e-07 0.00221906 4.29906e-05 4.28065e-08 0.000105467 9.84381e-07 0.000363867 0.0459855 5.91502e-05 6.56929e-05 1.17207e-06 0.00311059 1.22874e-07 1.53571e-05 0.000305264 7.36842e-05 1.67251e-09
-0.000347222  1153.37 1.31554e-07 0.000668074 6.77859e-07 0.147741 4.91855e-06 0.0380556 0.706671 0.000638524 0.000359513 0.0237246 0.0253956 0.000869767 2.85149e-07 0.000269008 9.50533e-09 1.35339e-06 3.55864e-05 0.000459497 3.73598e-05 2.60124e-09 2.20787e-10 0.000275294 7.49413e-05 6.35556e-05 0.00591892 4.18989e-07 0.00118852 2.45314e-05 0.000579917 5.02265e-07 4.44151e-07 0.00276896 7.81976e-05 5.29179e-08 0.000132971 3.83683e-07 0.00045487 0.0388201 0.000132762 3.91614e-05 1.08671e-06 0.00405665 3.41425e-08 3.41625e-06 0.000382654 6.92499e-05 2.98237e-09
-0.000173611  1253.6 4.72973e-07 0.000703125 2.21503e-06 0.136681 1.34611e-05 0.0431476 0.7086 0.00073434 0.000337003 0.0278658 0.0308943 0.000976348 1.04606e-06 0.000323646 3.34574e-08 1.57332e-06 1.97469e-05 0.000525659 7.1618e-05 1.32151e-08 1.24575e-09 0.000329478 4.69607e-05 0.000135476 0.00690105 1.78634e-06 0.00141898 3.2345e-05 0.0007024 2.28925e-06 7.11853e-07 0.00337153 0.000136565 6.61054e-08 0.000165956 1.7005e-07 0.000545253 0.0297221 0.000236347 2.04497e-05 8.44647e-07 0.00484091 8.39928e-09 5.58779e-07 0.000431515 5.68264e-05 5.41471e-09
0  1360.55 1.53613e-06 0.000736787 6.61871e-06 0.124792 3.58817e-05 0.0485876 0.71169 0.000775773 0.00027354 0.0324559 0.0372569 0.00104654 3.3534e-06 0.000381892 1.17976e-07 1.74041e-06 1.15091e-05 0.000588468 0.000131072 6.4037e-08 7.04932e-09 0.000371988 2.31358e-05 0.000205515 0.00776107 6.87393e-06 0.00168726 3.91479e-05 0.000834091 8.75312e-06 1.55339e-06 0.00385915 0.00022128 7.67652e-08 0.000204928 1.14756e-07 0.000619119 0.019406 0.000297217 8.35107e-06 4.90818e-07 0.0051954 1.64455e-09 8.78889e-08 0.000429793 4.12884e-05 9.02174e-09
0.000173611  1472.6 4.17361e-06 0.000764015 1.71503e-05 0.112158 8.561e-05 0.0542235 0.715327 0.000746181 0.000180439 0.0373516 0.0444796 0.00105082 8.27413e-06 0.000432639 3.77478e-07 1.70364e-06 6.67601e-06 0.000633973 0.000214604 2.76657e-07 3.44664e-08 0.000373347 8.89361e-06 0.000212612 0.00807063 2.03088e-05 0.00200053 4.13282e-05 0.000943366 2.59379e-05 3.36091e-06 0.00385161 0.000315425 7.64458e-08 0.000248744 8.58547e-08 0.000656628 0.00989428 0.000240845 2.43215e-06 1.94477e-07 0.00500065 2.35132e-10 1.28972e-08 0.000375869 2.62524e-05 1.25964e-08
0.000347222  1586.62 9.3381e-06 0.000778022 3.88638e-05 0.0990078 0.000182359 0.0597685 0.718447 0.000659307 9.20099e-05 0.042209 0.0524474 0.000968689 1.506e-05 0.000453214 1.01872e-06 1.38404e-06 3.5731e-06 0.000638337 0.00029121 1.00517e-06 1.29656e-07 0.000307815 2.7356e-06 0.000149488 0.0073363 4.23437e-05 0.00234355 3.63402e-05 0.000968551 5.77812e-05 5.10985e-06 0.00307259 0.000372164 6.16003e-08 0.000290447 5.03775e-08 0.000643274 0.00355228 0.000118583 4.77999e-07 4.96958e-08 0.00438119 2.34652e-11 1.51661e-09 0.000290873 1.42903e-05 1.4711e-08
0.000520833  1697.2 1.75766e-05 0.000774983 7.92643e-05 0.0858595 0.000358496 0.0648943 0.720491 0.000541508 3.67392e-05 0.0465327 0.0609846 0.000812668 2.08384e-05 0.000421928 2.22936e-06 9.25224e-07 1.73135e-06 0.000579734 0.00031893 2.92082e-06 3.60625e-07 0.000196362 7.33694e-07 7.74121e-05 0.00560279 6.19147e-05 0.00262234 2.67744e-05 0.00086478 9.71007e-05 4.38417e-06 0.0018619 0.000346853 3.86988e-08 0.000312982 1.87776e-08 0.000578895 0.000816272 3.41513e-05 6.15917e-08 7.94691e-09 0.00355389 1.61327e-12 1.31771e-10 0.000200528 6.47912e-06 1.49395e-08
0.000694444  1798.15 2.86227e-05 0.000754789 0.000146773 0.0733962 0.000655331 0.069336 0.721712 0.000415458 1.33475e-05 0.0498152 0.0699224 0.000624166 2.32062e-05 0.000340326 3.86125e-06 5.25794e-07 7.78949e-07 0.000461732 0.000287685 6.5493e-06 7.42283e-07 9.49037e-05 1.9116e-07 3.44448e-05 0.00357064 6.58692e-05 0.00266172 1.70807e-05 0.000663101 0.000126173 2.00519e-06 0.000862871 0.000252206 1.87405e-08 0.000296479 4.22245e-09 0.000477319 0.000114121 5.69248e-06 5.19678e-09 7.95128e-10 0.00268445 7.7479e-14 8.25977e-12 0.00012273 2.38572e-06 1.33002e-08
0.000868056  1885.14 4.11276e-05 0.000718969 0.000245945 0.0622116 0.00109161 0.0729226 0.722478 0.000298837 6.16852e-06 0.051653 0.0790707 0.000442535 2.17791e-05 0.000236773 5.20702e-06 2.66042e-07 3.34476e-07 0.000318772 0.000220864 1.11669e-05 1.1433e-06 3.52518e-05 5.21939e-08 1.51382e-05 0.00192803 5.34741e-05 0.00235366 9.65392e-06 0.000444801 0.000131387 6.00913e-07 0.000321059 0.000147785 7.22675e-09 0.000239825 6.99608e-10 0.000358956 9.89838e-06 5.68599e-07 3.07985e-10 5.37858e-11 0.00188521 2.81455e-15 3.90873e-13 6.6334e-05 7.08335e-07 1.01251e-08
0.00104167  1956.75 5.30121e-05 0.000671749 0.000373205 0.0526733 0.00163322 0.0756135 0.722926 0.000204137 4.60773e-06 0.0518714 0.0881731 0.000290095 1.76655e-05 0.000144274 5.48842e-06 1.25785e-07 1.38555e-07 0.000191917 0.000147732 1.46438e-05 1.35213e-06 1.05031e-05 1.53209e-08 6.81345e-06 0.000902837 3.48186e-05 0.00179188 4.88953e-06 0.000269807 0.000113775 1.97218e-07 0.000103001 7.51763e-05 2.42634e-09 0.000166509 1.40721e-10 0.000244532 5.7133e-07 3.71331e-08 1.93644e-11 3.84407e-12 0.00123218 1.19865e-16 1.94712e-14 3.17993e-05 1.7271e-07 6.47187e-09
0.00121528  2013.99 6.25268e-05 0.000620042 0.000514123 0.0448871 0.00220419 0.0775105 0.723102 0.000136224 4.62631e-06 0.0506209 0.0969339 0.000175945 1.25941e-05 7.91516e-05 4.65283e-06 5.84359e-08 5.57834e-08 0.000102835 8.8068e-05 1.52073e-05 1.27479e-06 2.68963e-06 4.8568e-09 3.17482e-06 0.000378419 1.92228e-05 0.00119137 2.24468e-06 0.000152615 8.45061e-05 8.75617e-08 3.13189e-05 3.6571e-05 8.0552e-10 0.000102395 4.18472e-11 0.000150222 2.38622e-08 1.98395e-09 3.42155e-12 7.95917e-13 0.000755082 1.62037e-17 2.62076e-15 1.37353e-05 3.58444e-08 3.49546e-09
0.00138889  2059.38 6.89355e-05 0.000570606 0.000646407 0.0387316 0.00272751 0.0787958 0.723066 9.22145e-05 4.96584e-06 0.0483203 0.105087 9.95013e-05 8.06964e-06 4.03126e-05 3.31361e-06 2.75735e-08 2.21012e-08 5.045e-05 4.81316e-05 1.29979e-05 9.99852e-07 6.53449e-07 1.66714e-09 1.56503e-06 0.000147931 9.55229e-06 0.000712344 9.53478e-07 8.23575e-05 5.5354e-05 4.06312e-08 1.00605e-05 1.83542e-05 2.90277e-10 5.81463e-05 1.39956e-11 8.32758e-05 7.76829e-10 1.92464e-10 1.18298e-12 3.0881e-13 0.00043896 4.43337e-18 7.74962e-16 5.46386e-06 6.59725e-09 1.63537e-09
0.0015625  2095.88 7.23894e-05 0.000527695 0.000750524 0.0339501 0.00315594 0.0796556 0.722885 6.53591e-05 5.23161e-06 0.0454715 0.112454 5.3284e-05 4.79612e-06 1.95895e-05 2.07631e-06 1.32793e-08 8.74774e-09 2.33431e-05 2.48469e-05 9.53861e-06 6.8174e-07 1.70871e-07 6.18211e-10 8.09964e-07 5.64606e-05 4.51186e-06 0.000395955 3.87014e-07 4.31599e-05 3.29351e-05 1.74602e-08 3.6786e-06 9.69275e-06 1.14344e-10 3.16928e-05 4.59159e-12 4.1845e-05 2.1057e-11 5.37295e-11 4.55958e-13 1.28264e-13 0.000245218 1.37897e-18 2.65008e-16 2.04668e-06 1.11871e-09 6.84289e-10
0.00173611  2126 7.34684e-05 0.000492686 0.000818067 0.0302495 0.00347632 0.0802402 0.722625 4.91674e-05 5.31974e-06 0.0424897 0.118957 2.75302e-05 2.74568e-06 9.28358e-06 1.19279e-06 6.47475e-09 3.50622e-09 1.0461e-05 1.24344e-05 6.25675e-06 4.20846e-07 5.35012e-08 2.45048e-10 4.2775e-07 2.19591e-05 2.10642e-06 0.000210705 1.55703e-07 2.22953e-05 1.83412e-05 6.94464e-09 1.53201e-06 5.28128e-06 4.73696e-11 1.70584e-05 1.45782e-12 1.91717e-05 5.69446e-13 2.05865e-11 1.8342e-13 5.37133e-14 0.000133179 4.5401e-19 9.45543e-17 7.35872e-07 1.80652e-10 2.64088e-10
0.00190972  2151.55 7.28272e-05 0.000464988 0.000851247 0.027365 0.00369793 0.0806565 0.722334 3.91091e-05 5.24082e-06 0.0396374 0.124607 1.39644e-05 1.57538e-06 4.36132e-06 6.49112e-07 3.1786e-09 1.43713e-09 4.63956e-06 6.15076e-06 3.79499e-06 2.43173e-07 2.0305e-08 1.02289e-10 2.25712e-07 8.9798e-06 9.91892e-07 0.00010977 6.39446e-08 1.14876e-05 9.81374e-06 2.6106e-09 6.95395e-07 2.90232e-06 2.00171e-11 9.22005e-06 4.52872e-13 8.05564e-06 4.25143e-14 8.43594e-12 7.68094e-14 2.27723e-14 7.09881e-05 1.57548e-19 3.50146e-17 2.57794e-07 2.8634e-11 9.6449e-11
0.00208333  2173.67 7.10347e-05 0.000443156 0.000857602 0.0250848 0.00383931 0.0809742 0.722044 3.25005e-05 5.04329e-06 0.0370428 0.129468 7.04899e-06 9.40581e-07 2.05446e-06 3.42733e-07 1.57064e-09 6.05772e-10 2.06972e-06 3.04624e-06 2.18542e-06 1.34843e-07 8.75792e-09 4.43404e-11 1.18093e-07 3.91449e-06 4.74052e-07 5.68477e-05 2.72213e-08 5.95224e-06 5.1472e-06 9.4563e-10 3.30412e-07 1.58987e-06 8.5405e-12 5.0419e-06 1.393e-13 3.12112e-06 1.25435e-14 3.59103e-12 3.32831e-14 9.81599e-15 3.74045e-05 5.59042e-20 1.34458e-17 8.89757e-08 4.60761e-12 3.39962e-11
0.00225694  2193.13 6.85306e-05 0.000425647 0.000845446 0.0232508 0.00391979 0.0812364 0.721773 2.78721e-05 4.77715e-06 0.0347463 0.13363 3.57392e-06 6.01583e-07 9.77647e-07 1.78485e-07 7.82811e-10 2.63178e-10 9.39188e-07 1.52213e-06 1.21837e-06 7.30337e-08 4.03172e-09 1.97525e-11 6.12627e-08 1.8139e-06 2.29971e-07 2.95491e-05 1.20424e-08 3.11676e-06 2.68311e-06 3.35007e-10 1.6067e-07 8.65319e-07 3.68932e-12 2.79441e-06 4.28247e-14 1.12069e-06 4.88619e-15 1.57345e-12 1.4814e-14 4.31078e-15 1.95854e-05 2.20229e-20 5.34478e-18 3.04954e-08 7.87873e-13 1.17315e-11
0.00243056  2210.42 6.56332e-05 0.000411168 0.000821699 0.0217487 0.00395592 0.0814683 0.721528 2.44371e-05 4.48078e-06 0.0327409 0.137194 1.83034e-06 4.1774e-07 4.72038e-07 9.26588e-08 3.9442e-10 1.1784e-10 4.36522e-07 7.70437e-07 6.66813e-07 3.91057e-08 1.91504e-09 8.98022e-12 3.15964e-08 8.82812e-07 1.13138e-07 1.55039e-05 5.5119e-09 1.65352e-06 1.40242e-06 1.17353e-10 7.91564e-08 4.68242e-07 1.62492e-12 1.56822e-06 1.32479e-14 3.74734e-07 2.00152e-15 7.05231e-13 6.73341e-15 1.92987e-15 1.02291e-05 8.47033e-21 2.19382e-18 1.04365e-08 1.51993e-13 4.00347e-12
0.00260417  2225.89 6.25623e-05 0.000398763 0.000791397 0.0204966 0.00396055 0.0816838 0.721312 2.17665e-05 4.17946e-06 0.0309985 0.14025 9.49792e-07 3.13667e-07 2.31771e-07 4.82708e-08 2.01212e-10 5.43038e-11 2.08521e-07 3.95718e-07 3.61789e-07 2.08694e-08 9.25308e-10 4.14879e-12 1.62502e-08 4.45255e-07 5.64187e-08 8.23644e-06 2.5941e-09 8.89732e-07 7.38913e-07 4.0976e-11 3.93516e-08 2.52367e-07 7.33547e-13 8.89531e-07 4.14394e-15 1.17237e-07 8.44893e-16 3.2201e-13 3.11341e-15 8.80413e-16 5.34307e-06 3.38813e-21 9.26654e-19 3.58005e-09 3.48384e-14 1.36051e-12
0.00277778  2239.82 5.94635e-05 0.000387775 0.000757935 0.0194357 0.00394324 0.0818901 0.721124 1.9617e-05 3.88806e-06 0.0294845 0.142883 5.00123e-07 2.50815e-07 1.15821e-07 2.53331e-08 1.04008e-10 2.57034e-11 1.02453e-07 2.06339e-07 1.95914e-07 1.11601e-08 4.52349e-10 1.94264e-12 8.35549e-09 2.30229e-07 2.85065e-08 4.43665e-06 1.2486e-09 4.85651e-07 3.93603e-07 1.43477e-11 1.97119e-08 1.35731e-07 3.39789e-13 5.09064e-07 1.31535e-15 3.44765e-08 3.65424e-16 1.49395e-13 1.46094e-15 4.08888e-16 2.79633e-06 1.69407e-21 4.03188e-19 1.23411e-09 9.52991e-15 4.62615e-13
0.00295139  2252.41 5.64292e-05 0.000377774 0.000723491 0.0185239 0.00391089 0.0820904 0.720961 1.78421e-05 3.61436e-06 0.0281648 0.145164 2.67392e-07 2.09847e-07 5.89049e-08 1.34225e-08 5.44844e-11 1.24685e-11 5.17263e-08 1.09195e-07 1.06367e-07 6.00099e-09 2.23301e-10 9.20458e-13 4.30362e-09 1.21153e-07 1.45822e-08 2.42403e-06 6.12174e-10 2.68815e-07 2.12263e-07 5.06194e-12 9.94443e-09 7.2963e-08 1.61098e-13 2.93501e-07 4.24855e-16 9.57495e-09 1.61373e-16 7.0307e-14 6.94642e-16 1.93074e-16 1.46819e-06 0 1.79571e-19 4.28264e-10 2.9763e-15 1.57903e-13
0.003125  2263.83 5.35152e-05 0.00036849 0.000689404 0.0177299 0.00386845 0.0822858 0.72082 1.63485e-05 3.3617e-06 0.0270088 0.147153 1.45203e-07 1.8105e-07 3.04727e-08 7.18766e-09 2.89188e-11 6.18534e-12 2.67827e-08 5.86107e-08 5.80717e-08 3.25166e-09 1.11229e-10 4.4088e-13 2.22364e-09 6.45863e-08 7.54293e-09 1.34292e-06 3.04885e-10 1.50788e-07 1.15935e-07 1.8066e-12 5.05201e-09 3.92504e-08 7.78556e-14 1.70296e-07 1.39982e-16 2.52403e-09 7.25873e-17 3.35242e-14 3.34336e-16 9.25655e-17 7.74015e-07 0 8.13152e-20 1.4978e-10 1.00615e-15 5.42196e-14
0.00329861  2274.25 5.07524e-05 0.000359756 0.000656461 0.0170308 0.00381944 0.0824765 0.720698 1.50736e-05 3.13084e-06 0.02599 0.148898 8.01222e-08 1.5945e-07 1.60219e-08 3.89158e-09 1.55461e-11 3.13165e-12 1.41878e-08 3.18838e-08 3.19394e-08 1.77766e-09 5.58876e-11 2.13328e-13 1.15372e-09 3.4784e-08 3.94028e-09 7.53867e-07 1.53953e-10 8.56469e-08 6.41202e-08 6.54605e-13 2.58448e-09 2.11504e-08 3.82011e-14 9.93637e-08 4.71594e-17 6.35356e-10 3.32003e-17 1.61824e-14 1.62769e-16 4.49995e-17 4.09959e-07 0 3.72694e-20 5.28325e-11 3.54978e-16 1.87564e-14
0.00347222  2283.77 4.81555e-05 0.000351473 0.000625093 0.0164091 0.00376637 0.0826621 0.720592 1.3973e-05 2.92111e-06 0.0250862 0.150441 4.49659e-08 1.42412e-07 8.5537e-09 2.13037e-09 8.46034e-12 1.61536e-12 7.67083e-09 1.75647e-08 1.7715e-08 9.8109e-10 2.83201e-11 1.04226e-13 6.01507e-10 1.88948e-08 2.07628e-09 4.2844e-07 7.87188e-11 4.92163e-08 3.5891e-08 2.41638e-13 1.33137e-09 1.14245e-08 1.89728e-14 5.82711e-08 1.62834e-17 1.5403e-10 1.54194e-17 7.90229e-15 8.01073e-17 2.2155e-17 2.18231e-07 0 1.69407e-20 1.88039e-11 1.28219e-16 6.54297e-15
0.00364583  2292.51 4.57283e-05 0.000343579 0.000595507 0.0158516 0.00371101 0.0828421 0.7205 1.3014e-05 2.73113e-06 0.0242792 0.151815 2.5714e-08 1.28473e-07 4.6325e-09 1.17892e-09 4.6589e-12 8.47558e-13 4.2233e-09 9.7918e-09 9.9134e-09 5.4673e-10 1.44701e-11 5.13974e-14 3.15266e-10 1.0342e-08 1.10269e-09 2.46288e-07 4.07216e-11 2.85877e-08 2.03186e-08 9.11772e-14 6.906e-10 6.18909e-09 9.51883e-15 3.43343e-08 5.77846e-18 3.6479e-11 7.26415e-18 3.90148e-15 3.98343e-17 1.10368e-17 1.16781e-07 0 8.47033e-21 6.75466e-12 4.69934e-17 2.303e-15
0.00381944  2300.56 4.34684e-05 0.000336037 0.000567771 0.0153478 0.00365463 0.0830159 0.720419 1.21721e-05 2.55924e-06 0.0235539 0.153046 1.50313e-08 1.16771e-07 2.54269e-09 6.59292e-10 2.59496e-12 4.51736e-13 2.3631e-09 5.51994e-09 5.59808e-09 3.0762e-10 7.45335e-12 2.55743e-14 1.66163e-10 5.70049e-09 5.89918e-10 1.43078e-07 2.12988e-11 1.67711e-08 1.16253e-08 3.52832e-14 3.60687e-10 3.36403e-09 4.81844e-15 2.03213e-08 2.1125e-18 8.66501e-12 3.46775e-18 1.94645e-15 2.00052e-17 5.55823e-18 6.2829e-08 0 3.38813e-21 2.44917e-12 1.74099e-17 8.18212e-16
0.00399306  2307.98 4.13691e-05 0.000328825 0.000541868 0.0148895 0.00359813 0.0831834 0.720348 1.1428e-05 2.40368e-06 0.0228979 0.154156 9.02628e-09 1.06769e-07 1.41321e-09 3.72452e-10 1.46151e-12 2.44286e-13 1.34149e-09 3.14472e-09 3.1898e-09 1.74721e-10 3.86936e-12 1.28362e-14 8.80794e-11 3.16298e-09 3.17807e-10 8.39327e-08 1.12581e-11 9.92946e-09 6.71765e-09 1.40448e-14 1.89657e-10 1.8351e-09 2.45918e-15 1.20797e-08 7.97905e-19 2.1644e-12 1.67713e-18 9.8081e-16 1.01424e-17 2.8274e-18 3.39857e-08 0 1.69407e-21 8.96412e-13 6.5086e-18 2.93478e-16
0.00416667  2314.86 3.94218e-05 0.000321925 0.000517733 0.0144703 0.00354213 0.0833441 0.720286 1.07667e-05 2.26278e-06 0.022301 0.155164 5.60665e-09 9.81056e-08 7.9471e-10 2.1247e-10 8.32194e-13 1.33895e-13 7.7153e-10 1.80951e-09 1.83364e-09 1.00147e-10 2.02408e-12 6.49722e-15 4.69599e-11 1.76623e-09 1.72382e-10 4.96838e-08 6.01167e-12 5.9289e-09 3.9179e-09 5.76493e-15 1.00392e-10 1.00489e-09 1.26487e-15 7.2109e-09 3.11708e-19 6.08773e-13 8.19928e-19 4.98948e-16 5.18892e-18 1.45181e-18 1.8483e-08 0 1.69407e-21 3.31183e-13 2.4547e-18 1.06286e-16
0.00434028  2321.24 3.76164e-05 0.000315326 0.000495272 0.0140848 0.00348708 0.083498 0.72023 1.01759e-05 2.13497e-06 0.0217548 0.156085 3.633e-09 9.05297e-08 4.51837e-10 1.22349e-10 4.79096e-13 7.43177e-14 4.49006e-10 1.05112e-09 1.06312e-09 5.791e-11 1.06663e-12 3.31558e-15 2.51821e-11 9.92381e-10 9.41306e-11 2.96588e-08 3.24194e-12 3.56818e-09 2.30494e-09 2.44393e-15 5.3488e-11 5.52448e-10 6.55451e-16 4.32236e-09 1.25361e-19 2.04116e-13 4.06576e-19 2.56136e-16 2.67832e-18 7.52165e-19 1.01057e-08 0 0 1.23507e-13 9.3343e-19 3.88686e-17
0.00451389  2327.18 3.59429e-05 0.000309015 0.000474382 0.0137288 0.00343327 0.0836452 0.72018 9.64576e-06 2.01882e-06 0.0212526 0.156929 2.47728e-09 8.3854e-08 2.59563e-10 7.10938e-11 2.78955e-13 4.17387e-14 2.64151e-10 6.16103e-10 6.21509e-10 3.37714e-11 5.66083e-13 1.70539e-15 1.35814e-11 5.60955e-10 5.17426e-11 1.78449e-08 1.76512e-12 2.16329e-09 1.36714e-09 1.07054e-15 2.86805e-11 3.04948e-10 3.42118e-16 2.6015e-09 5.2516e-20 8.14146e-14 2.03288e-19 1.32635e-16 1.39252e-18 3.93023e-19 5.55438e-09 0 0 4.64921e-14 3.57448e-19 1.43538e-17
0.0046875  2332.72 3.43912e-05 0.000302983 0.000454952 0.0133986 0.00338091 0.0837856 0.720135 9.16801e-06 1.91308e-06 0.0207884 0.157708 1.78938e-09 7.79352e-08 1.50569e-10 4.16736e-11 1.64387e-13 2.37029e-14 1.56959e-10 3.6424e-10 3.66249e-10 1.98556e-11 3.02498e-13 8.8392e-16 7.36637e-12 3.18962e-10 2.86297e-11 1.08167e-08 9.70037e-13 1.32062e-09 8.17178e-10 4.84195e-16 1.54747e-11 1.69023e-10 1.7983e-16 1.5721e-09 2.37169e-20 3.66502e-14 1.03338e-19 6.92551e-17 7.30142e-19 2.06676e-19 3.0686e-09 0 0 1.76666e-14 1.38913e-19 5.35325e-18
0.00486111  2337.89 3.29516e-05 0.000297219 0.000436873 0.0130913 0.00333012 0.0839194 0.720095 8.73586e-06 1.8166e-06 0.0203577 0.158429 1.37201e-09 7.26603e-08 8.81525e-11 2.46369e-11 9.81643e-14 1.36022e-14 9.41341e-11 2.17116e-10 2.17493e-10 1.17656e-11 1.62716e-13 4.61552e-16 4.01761e-12 1.82415e-10 1.59443e-11 6.60255e-09 5.3795e-13 8.11445e-10 4.92031e-10 2.25711e-16 8.40036e-12 9.40727e-11 9.51726e-17 9.53823e-10 1.01644e-20 1.7647e-14 5.2516e-20 3.64495e-17 3.86247e-19 1.10114e-19 1.70382e-09 0 0 6.7776e-15 5.42101e-20 2.01594e-18
0.00503472  2342.74 3.16149e-05 0.000291713 0.000420041 0.0128043 0.00328097 0.0840469 0.720058 8.34359e-06 1.7284e-06 0.0199565 0.1591 1.11281e-09 6.79378e-08 5.20633e-11 1.46869e-11 5.95161e-14 7.88356e-15 5.69466e-11 1.30441e-10 1.30116e-10 7.02448e-12 8.80849e-14 2.42739e-16 2.2031e-12 1.04917e-10 8.93691e-12 4.05708e-09 3.00977e-13 5.01661e-10 2.98321e-10 1.08161e-16 4.58714e-12 5.25752e-11 5.07051e-17 5.80995e-10 5.0822e-21 8.79919e-15 2.71051e-20 1.93293e-17 2.04982e-19 5.92923e-20 9.50682e-10 0 0 2.62585e-15 2.20229e-20 7.67412e-19
0.00520833  2347.29 3.03726e-05 0.000286453 0.000404357 0.0125356 0.00323351 0.0841682 0.720024 7.98637e-06 1.64758e-06 0.0195813 0.159726 9.47201e-10 6.36929e-08 3.10058e-11 8.82808e-12 3.67399e-14 4.61236e-15 3.47314e-11 7.8962e-11 7.8399e-11 4.22432e-12 4.79767e-14 1.28551e-16 1.21449e-12 6.0681e-11 5.04113e-12 2.50876e-09 1.6985e-13 3.11957e-10 1.82075e-10 5.31208e-17 2.51934e-12 2.95049e-11 2.71881e-17 3.55286e-10 1.69407e-21 4.47473e-15 1.35525e-20 1.03253e-17 1.10114e-19 3.21873e-20 5.32982e-10 0 0 1.02786e-15 8.47033e-21 2.94767e-19
0.00538194  2351.57 2.92168e-05 0.000281429 0.000389729 0.0122834 0.00318773 0.0842836 0.719993 7.66007e-06 1.57337e-06 0.0192293 0.160313 8.37668e-10 5.98632e-08 1.86123e-11 5.35079e-12 2.31818e-14 2.72279e-15 2.13458e-11 4.81477e-11 4.75637e-11 2.55815e-12 2.62856e-14 6.85351e-17 6.72962e-13 3.52887e-11 2.8615e-12 1.56071e-09 9.66597e-14 1.95072e-10 1.11832e-10 2.66544e-17 1.39143e-12 1.66261e-11 1.46706e-17 2.18106e-10 1.69407e-21 2.3058e-15 6.77626e-21 5.55484e-18 5.92923e-20 1.69407e-20 3.00191e-10 0 0 4.06793e-16 3.38813e-21 1.15196e-19
0.00555556  2355.6 2.81403e-05 0.000276631 0.000376073 0.0120459 0.00314361 0.0843934 0.719965 7.36118e-06 1.50509e-06 0.0188983 0.160864 7.62229e-10 5.63966e-08 1.12578e-11 3.27108e-12 1.50246e-14 1.62114e-15 1.32149e-11 2.95645e-11 2.90481e-11 1.55959e-12 1.44834e-14 3.67765e-17 3.74761e-13 2.06327e-11 1.63437e-12 9.76546e-10 5.54602e-14 1.22631e-10 6.91062e-11 1.36254e-17 7.72679e-13 9.40705e-12 7.9655e-18 1.34408e-10 0 1.20063e-15 3.38813e-21 3.00697e-18 3.21873e-20 8.47033e-21 1.69836e-10 0 0 1.62944e-16 1.69407e-21 4.57398e-20
0.00572917  2359.4 2.71365e-05 0.000272047 0.000363309 0.011822 0.00310114 0.0844978 0.719938 7.08668e-06 1.44214e-06 0.018586 0.161383 7.07869e-10 5.32488e-08 6.85916e-12 2.01792e-12 1.00595e-14 9.73149e-16 8.23807e-12 1.82767e-11 1.78539e-11 9.56987e-13 8.02409e-15 1.98578e-17 2.09713e-13 1.21276e-11 9.39215e-13 6.1442e-10 3.20764e-14 7.7486e-11 4.29531e-11 7.07611e-18 4.31353e-13 5.34399e-12 4.35036e-18 8.31441e-11 0 6.30909e-16 1.69407e-21 1.63986e-18 1.69407e-20 5.0822e-21 9.65053e-11 0 0 6.61516e-17 0 1.86347e-20
0.00590278  2363 2.61993e-05 0.000267666 0.000351366 0.0116105 0.00306026 0.0845972 0.719914 6.83394e-06 1.38398e-06 0.0182908 0.161874 6.66809e-10 5.03822e-08 4.20853e-12 1.25726e-12 6.99761e-15 5.88778e-16 5.16971e-12 1.13727e-11 1.10415e-11 5.90899e-13 4.46894e-15 1.07878e-17 1.17907e-13 7.16565e-12 5.43003e-13 3.8864e-10 1.86969e-14 4.92008e-11 2.68475e-11 3.72525e-18 2.42045e-13 3.04793e-12 2.38863e-18 5.16263e-11 0 3.34339e-16 1.69407e-21 8.99549e-19 1.01644e-20 3.38813e-21 5.50682e-11 0 0 2.72694e-17 0 6.77626e-21
0.00607639  2366.39 2.53231e-05 0.00026348 0.000340179 0.0114102 0.00302094 0.0846917 0.719891 6.60068e-06 1.33016e-06 0.0180112 0.162338 6.34346e-10 4.77645e-08 2.59974e-12 7.92186e-13 5.08054e-15 3.58934e-16 3.26492e-12 7.12173e-12 6.8692e-12 3.67063e-13 2.50157e-15 5.89366e-18 6.65936e-14 4.25559e-12 3.15813e-13 2.47088e-10 1.09813e-14 3.13884e-11 1.68716e-11 1.98545e-18 1.36499e-13 1.7452e-12 1.31968e-18 3.21755e-11 0 1.78588e-16 0 4.96361e-19 5.0822e-21 1.69407e-21 3.15516e-11 0 0 1.14417e-17 0 3.38813e-21
0.00625  2369.61 2.45032e-05 0.000259478 0.000329688 0.0112202 0.00298312 0.0847817 0.71987 6.38494e-06 1.28024e-06 0.0177457 0.162778 6.07605e-10 4.5368e-08 1.61654e-12 5.05775e-13 3.8586e-15 2.20428e-16 2.07468e-12 4.48749e-12 4.2982e-12 2.29352e-13 1.40716e-15 3.23905e-18 3.77784e-14 2.54013e-12 1.84763e-13 1.57869e-10 6.49754e-15 2.01161e-11 1.06578e-11 1.06896e-18 7.7351e-14 1.00315e-12 7.33531e-19 2.01268e-11 0 9.61145e-17 0 2.74439e-19 3.38813e-21 1.69407e-21 1.81492e-11 0 0 4.90093e-18 0 1.69407e-21
0.00642361  2372.67 2.37348e-05 0.00025565 0.000319838 0.0110399 0.00294674 0.0848674 0.71985 6.18497e-06 1.23388e-06 0.0174932 0.163196 5.84801e-10 4.31687e-08 1.01167e-12 3.2809e-13 3.06294e-15 1.36344e-16 1.32627e-12 2.84496e-12 2.7045e-12 1.44118e-13 7.95267e-16 1.78893e-18 2.15235e-14 1.52373e-12 1.08725e-13 1.01347e-10 3.87239e-15 1.29488e-11 6.76639e-12 5.81065e-19 4.40404e-14 5.78812e-13 4.09964e-19 1.26357e-11 0 5.2101e-17 0 1.5416e-19 1.69407e-21 0 1.04797e-11 0 0 2.14808e-18 0 0
0.00659722  2375.57 2.30139e-05 0.000251987 0.00031058 0.0108683 0.00291176 0.084949 0.719832 5.99924e-06 1.19074e-06 0.0172527 0.163594 5.64813e-10 4.11456e-08 6.37172e-13 2.17014e-13 2.53153e-15 8.4932e-17 8.5285e-13 1.81463e-12 1.71093e-12 9.10579e-14 4.51494e-16 9.94417e-19 1.23135e-14 9.18512e-13 6.43485e-14 6.5361e-11 2.32413e-15 8.37069e-12 4.31672e-12 3.18484e-19 2.519e-14 3.35225e-13 2.30393e-19 7.96127e-12 0 2.84366e-17 0 8.63974e-20 1.69407e-21 0 6.07364e-12 0 0 9.67312e-19 0 0
0.00677083  2378.33 2.23367e-05 0.000248481 0.000301869 0.010705 0.00287811 0.0850268 0.719814 5.82643e-06 1.15053e-06 0.0170234 0.163973 5.4692e-10 3.92806e-08 4.03873e-13 1.47014e-13 2.16594e-15 5.32818e-17 5.51647e-13 1.16457e-12 1.08807e-12 5.7841e-14 2.57449e-16 5.5396e-19 7.07275e-15 5.56361e-13 3.83015e-14 4.23404e-11 1.40448e-15 5.43355e-12 2.76687e-12 1.76183e-19 1.44726e-14 1.94866e-13 1.28749e-19 5.03386e-12 0 1.56244e-17 0 4.91279e-20 0 0 3.53265e-12 0 0 4.48927e-19 0 0
0.00694444  2380.96 2.16999e-05 0.000245123 0.000293663 0.0105492 0.00284575 0.085101 0.719797 5.66533e-06 1.11299e-06 0.0168044 0.164335 5.30648e-10 3.75578e-08 2.57669e-13 1.02507e-13 1.90588e-15 3.36679e-17 3.58948e-13 7.52112e-13 6.95505e-13 3.69336e-14 1.47423e-16 3.11708e-19 4.07834e-15 3.38605e-13 2.29262e-14 2.75459e-11 8.54411e-16 3.54112e-12 1.78154e-12 9.82558e-20 8.35123e-15 1.13688e-13 7.28448e-20 3.19401e-12 0 8.63804e-18 0 2.71051e-20 0 0 2.06184e-12 0 0 2.15146e-19 0 0
0.00711806  2383.46 2.11004e-05 0.000241907 0.000285925 0.0104006 0.00281461 0.0851718 0.719782 5.5149e-06 1.07789e-06 0.0165949 0.164681 5.15681e-10 3.59632e-08 1.65513e-13 7.3928e-14 1.71408e-15 2.14333e-17 2.35005e-13 4.88976e-13 4.46801e-13 2.37048e-14 8.47626e-17 1.76183e-19 2.36054e-15 2.07045e-13 1.37994e-14 1.79955e-11 5.2316e-16 2.31677e-12 1.15215e-12 5.42101e-20 4.83946e-15 6.65646e-14 4.23516e-20 2.03361e-12 0 4.80606e-18 0 1.52466e-20 0 0 1.20743e-12 0 0 1.06726e-19 0 0
0.00729167  2385.85 2.05353e-05 0.000238823 0.000278621 0.0102586 0.00278465 0.0852393 0.719767 5.3742e-06 1.04503e-06 0.0163944 0.165012 5.01796e-10 3.44846e-08 1.07098e-13 5.53641e-14 1.56729e-15 1.37524e-17 1.54871e-13 3.20199e-13 2.88444e-13 1.52919e-14 4.89263e-17 9.99499e-20 1.37126e-15 1.27188e-13 8.35172e-15 1.18037e-11 3.2236e-16 1.52145e-12 7.48298e-13 3.04932e-20 2.81605e-15 3.91114e-14 2.37169e-20 1.2992e-12 0 2.68848e-18 0 8.47033e-21 0 0 7.09372e-13 0 0 5.42101e-20 0 0
0.00746528  2388.12 2.00021e-05 0.000235866 0.000271719 0.0101227 0.00275581 0.0853038 0.719753 5.2424e-06 1.01422e-06 0.0162023 0.165328 4.88836e-10 3.3111e-08 6.98635e-14 4.31416e-14 1.45085e-15 8.90232e-18 1.02797e-13 2.1137e-13 1.87122e-13 9.91513e-15 2.83485e-17 5.59042e-20 7.99389e-16 7.84882e-14 5.08217e-15 7.77258e-12 1.99856e-16 1.00282e-12 4.88013e-13 1.69407e-20 1.64528e-15 2.30607e-14 1.35525e-20 8.32792e-13 0 1.5128e-18 0 5.0822e-21 0 0 4.18069e-13 0 0 2.87991e-20 0 0
0.00763889  2390.3 1.94985e-05 0.000233029 0.000265192 0.00999273 0.00272805 0.0853655 0.71974 5.11875e-06 9.85291e-07 0.016018 0.165632 4.76683e-10 3.18328e-08 4.60003e-14 3.49628e-14 1.35541e-15 5.82081e-18 6.87902e-14 1.40827e-13 1.21987e-13 6.46237e-15 1.64866e-17 3.21873e-20 4.67608e-16 4.86538e-14 3.10924e-15 5.13751e-12 1.24646e-16 6.6333e-13 3.1954e-13 1.01644e-20 9.65064e-16 1.36436e-14 8.47033e-21 5.35589e-13 0 8.55503e-19 0 3.38813e-21 0 0 2.47138e-13 0 0 1.52466e-20 0 0
0.0078125  2392.38 1.90223e-05 0.000230305 0.000259012 0.00986817 0.00270132 0.0854244 0.719727 5.00258e-06 9.58095e-07 0.0158412 0.165923 4.65247e-10 3.06415e-08 3.06226e-14 2.93829e-14 1.27494e-15 3.85061e-18 4.64721e-14 9.48584e-14 7.99208e-14 4.23474e-15 9.62229e-18 1.86347e-20 2.74437e-16 3.02939e-14 1.91234e-15 3.40822e-12 7.81896e-17 4.40288e-13 2.10041e-13 5.0822e-21 5.68271e-16 8.09948e-15 5.0822e-21 3.45573e-13 0 4.87891e-19 0 1.69407e-21 0 0 1.46522e-13 0 0 8.47033e-21 0 0
0.00798611  2394.38 1.85717e-05 0.00022769 0.000253157 0.00974874 0.00267557 0.0854808 0.719715 4.8933e-06 9.32497e-07 0.0156712 0.166203 4.54457e-10 2.95295e-08 2.06578e-14 2.54874e-14 1.20546e-15 2.58176e-18 3.17529e-14 6.47418e-14 5.26324e-14 2.79099e-15 5.63446e-18 1.01644e-20 1.61583e-16 1.89449e-14 1.18237e-15 2.26904e-12 4.93261e-17 2.93227e-13 1.38584e-13 3.38813e-21 3.35896e-16 4.82436e-15 3.38813e-21 2.23686e-13 0 2.77827e-19 0 1.69407e-21 0 0 8.71166e-14 0 0 5.0822e-21 0 0
0.00815972  2396.29 1.81447e-05 0.000225177 0.000247604 0.00963416 0.00265076 0.0855348 0.719704 4.79035e-06 9.08374e-07 0.0155079 0.166472 4.44254e-10 2.849e-08 1.41635e-14 2.26945e-14 1.14433e-15 1.76013e-18 2.19966e-14 4.48998e-14 3.48528e-14 1.85109e-15 3.3102e-18 6.77626e-21 9.54335e-17 1.18987e-14 7.34833e-16 1.51582e-12 3.1286e-17 1.95924e-13 9.17715e-14 1.69407e-21 1.99287e-16 2.88311e-15 1.69407e-21 1.45246e-13 0 1.60936e-19 0 0 0 0 5.19388e-14 0 0 3.38813e-21 0 0
0.00833333  2398.12 1.774e-05 0.000222761 0.000242333 0.00952415 0.00262686 0.0855865 0.719693 4.69326e-06 8.85615e-07 0.0153507 0.16673 4.34589e-10 2.75168e-08 9.90534e-15 2.06314e-14 1.08973e-15 1.22481e-18 1.54962e-14 3.17491e-14 2.3219e-14 1.23651e-15 1.95156e-18 3.38813e-21 5.65344e-17 7.50489e-15 4.59027e-16 1.01599e-12 1.99493e-17 1.31325e-13 6.09861e-14 1.69407e-21 1.18671e-16 1.72866e-15 1.69407e-21 9.46048e-14 0 9.31736e-20 0 0 0 0 3.10482e-14 0 0 1.69407e-21 0 0
0.00850694  2399.87 1.73558e-05 0.000220437 0.000237325 0.00941845 0.00260381 0.085636 0.719683 4.60159e-06 8.64121e-07 0.0151994 0.166979 4.2542e-10 2.66045e-08 7.09497e-15 1.90578e-14 1.0404e-15 8.72444e-19 1.11411e-14 2.29762e-14 1.55742e-14 8.32877e-16 1.15366e-18 1.69407e-21 3.35882e-17 4.75325e-15 2.88178e-16 6.83136e-13 1.27851e-17 8.82945e-14 4.06652e-14 0 7.09204e-17 1.03983e-15 0 6.18058e-14 0 5.42101e-20 0 0 0 0 1.86077e-14 0 0 1.69407e-21 0 0
0.00868056  2401.55 1.69909e-05 0.000218202 0.000232565 0.00931686 0.00258159 0.0856835 0.719673 4.51494e-06 8.438e-07 0.0150537 0.167219 4.16711e-10 2.57483e-08 5.22647e-15 1.78176e-14 9.95438e-16 6.38663e-19 8.20567e-15 1.70808e-14 1.05292e-14 5.66607e-16 6.84403e-19 1.69407e-21 2.0012e-17 3.02256e-15 1.81797e-16 4.60703e-13 8.23316e-18 5.95353e-14 2.7202e-14 0 4.25329e-17 6.27472e-16 0 4.04945e-14 0 3.04932e-20 0 0 0 0 1.1179e-14 0 0 0 0 0
0.00885417  2403.17 1.66441e-05 0.00021605 0.000228036 0.00921914 0.00256016 0.085729 0.719663 4.43294e-06 8.24569e-07 0.0149133 0.167449 4.08428e-10 2.49436e-08 3.97358e-15 1.68089e-14 9.54178e-16 4.81115e-19 6.21338e-15 1.30853e-14 7.18502e-15 3.90126e-16 4.06576e-19 0 1.19516e-17 1.92917e-15 1.1521e-16 3.11523e-13 5.32614e-18 4.02482e-14 1.82486e-14 0 2.55906e-17 3.7976e-16 0 2.66009e-14 0 1.86347e-20 0 0 0 0 6.73061e-15 0 0 0 0 0
0.00902778  2404.72 1.63141e-05 0.000213978 0.000223723 0.00912512 0.00253949 0.0857727 0.719654 4.35527e-06 8.06353e-07 0.014778 0.167671 4.00544e-10 2.41866e-08 3.1248e-15 1.59641e-14 9.1611e-16 3.76083e-19 4.85004e-15 1.03493e-14 4.95737e-15 2.72541e-16 2.42251e-19 0 7.15235e-18 1.235e-15 7.32921e-17 2.11075e-13 3.45928e-18 2.72644e-14 1.22696e-14 0 1.54363e-17 2.30371e-16 0 1.75088e-14 0 1.01644e-20 0 0 0 0 4.05836e-15 0 0 0 0 0
0.00920139  2406.21 1.6e-05 0.000211982 0.000219615 0.00903461 0.00251954 0.0858146 0.719646 4.28164e-06 7.89083e-07 0.0146474 0.167886 3.93032e-10 2.34736e-08 2.54228e-15 1.52382e-14 8.80843e-16 3.03238e-19 3.90731e-15 8.45146e-15 3.46427e-15 1.93681e-16 1.43996e-19 0 4.27752e-18 7.91481e-16 4.67206e-17 1.43104e-13 2.25141e-18 1.84818e-14 8.25642e-15 0 9.31397e-18 1.39762e-16 0 1.15288e-14 0 6.77626e-21 0 0 0 0 2.44521e-15 0 0 0 0 0
0.009375  2407.65 1.57007e-05 0.000210058 0.000215698 0.00894745 0.00250029 0.0858549 0.719637 4.21175e-06 7.72697e-07 0.0145215 0.168092 3.85869e-10 2.28013e-08 2.13537e-15 1.46008e-14 8.4806e-16 2.50722e-19 3.24616e-15 7.11208e-15 2.45416e-15 1.40269e-16 8.47033e-20 0 2.53771e-18 5.05096e-16 2.96902e-17 9.67641e-14 1.46198e-18 1.24974e-14 5.54153e-15 0 5.57686e-18 8.41629e-17 0 7.56295e-15 0 3.38813e-21 0 0 0 0 1.46084e-15 0 0 0 0 0
0.00972222  2410.35 1.51437e-05 0.000206417 0.000208403 0.00878272 0.0024638 0.0859307 0.719622 4.08246e-06 7.42379e-07 0.0142828 0.168483 3.72524e-10 2.15687e-08 1.66676e-15 1.35265e-14 7.89072e-16 1.91429e-19 2.48773e-15 5.54565e-15 1.3779e-15 8.31227e-17 3.38813e-20 0 1.00458e-18 2.24025e-16 1.30629e-17 4.70449e-14 6.64074e-19 6.08417e-15 2.65785e-15 0 2.23956e-18 3.41422e-17 0 3.5074e-15 0 1.69407e-21 0 0 0 0 5.8675e-16 0 0 0 0 0
0.0100694  2412.86 1.46352e-05 0.000203025 0.000201734 0.00862909 0.00242969 0.0860009 0.719608 3.96512e-06 7.1489e-07 0.0140596 0.168849 3.60306e-10 2.04641e-08 1.40657e-15 1.26237e-14 7.37286e-16 1.55854e-19 2.07484e-15 4.66151e-15 8.60501e-16 5.54146e-17 1.35525e-20 0 4.01494e-19 1.00763e-16 5.83775e-18 2.30906e-14 3.06626e-19 2.99234e-15 1.28866e-15 0 9.11407e-19 1.40218e-17 0 1.64325e-15 0 0 0 0 0 0 2.37273e-16 0 0 0 0 0
0.0104167  2415.2 1.41698e-05 0.000199859 0.000195621 0.00848557 0.00239778 0.086066 0.719595 3.8583e-06 6.89889e-07 0.0138504 0.169191 3.49095e-10 1.94706e-08 1.24806e-15 1.18443e-14 6.9154e-16 1.35525e-19 1.83194e-15 4.11556e-15 6.05134e-16 4.15165e-17 5.0822e-21 0 1.60936e-19 4.59024e-17 2.64613e-18 1.1435e-14 1.43996e-19 1.48895e-15 6.31592e-16 0 3.76083e-19 5.82081e-18 0 7.77356e-16 0 0 0 0 0 0 9.65651e-17 0 0 0 0 0
0.0107639  2417.39 1.37427e-05 0.0001969 0.000190007 0.00835131 0.0023679 0.0861266 0.719583 3.76076e-06 6.67088e-07 0.0136542 0.169512 3.38781e-10 1.8574e-08 1.14124e-15 1.11601e-14 6.50914e-16 1.20279e-19 1.67545e-15 3.74465e-15 4.74405e-16 3.42066e-17 1.69407e-21 0 6.60686e-20 2.11623e-17 1.21634e-18 5.71063e-15 6.77626e-20 7.51452e-16 3.13107e-16 0 1.55854e-19 2.44284e-18 0 3.71126e-16 0 0 0 0 0 0 3.95378e-17 0 0 0 0 0
0.0111111  2419.43 1.335e-05 0.00019413 0.000184839 0.00822553 0.00233988 0.0861831 0.719572 3.67146e-06 6.46239e-07 0.0134699 0.169813 3.29272e-10 1.77621e-08 1.06226e-15 1.05528e-14 6.14677e-16 1.0842e-19 1.56486e-15 3.4697e-15 4.03918e-16 3.00968e-17 1.69407e-21 0 2.71051e-20 9.86624e-18 5.65818e-19 2.87455e-15 3.38813e-20 3.8645e-16 1.57264e-16 0 6.60686e-20 1.03677e-18 0 1.78738e-16 0 0 0 0 0 0 1.62817e-17 0 0 0 0 0
0.0114583  2421.33 1.29881e-05 0.000191535 0.000180073 0.00810756 0.00231359 0.0862357 0.719561 3.58948e-06 6.27127e-07 0.0132967 0.170097 3.20487e-10 1.7025e-08 9.99438e-16 1.00098e-14 5.8222e-16 9.99499e-20 1.48006e-15 3.2513e-15 3.63115e-16 2.75811e-17 0 0 1.01644e-20 4.65021e-18 2.65968e-19 1.45778e-15 1.69407e-20 2.04179e-16 8.03004e-17 0 2.87991e-20 4.43845e-19 0 8.68005e-17 0 0 0 0 0 0 6.74069e-18 0 0 0 0 0
0.0118056  2423.12 1.26539e-05 0.000189101 0.00017567 0.00799679 0.00228891 0.0862849 0.719551 3.51405e-06 6.0957e-07 0.0131336 0.170363 3.12356e-10 1.63537e-08 9.46857e-16 9.52174e-15 5.53045e-16 9.31736e-20 1.41085e-15 3.0691e-15 3.37314e-16 2.5887e-17 0 0 5.0822e-21 2.21414e-18 1.27055e-19 7.44505e-16 8.47033e-21 1.12308e-16 4.19502e-17 0 1.18585e-20 1.93124e-19 0 4.24872e-17 0 0 0 0 0 0 2.80537e-18 0 0 0 0 0
0.0121528  2424.79 1.23448e-05 0.000186815 0.000171594 0.00789268 0.00226571 0.0863308 0.719542 3.4445e-06 5.93408e-07 0.0129801 0.170614 3.04816e-10 1.5741e-08 9.0136e-16 9.08119e-15 5.26731e-16 8.63974e-20 1.35187e-15 2.91207e-15 3.19362e-16 2.46334e-17 0 0 1.69407e-21 1.06387e-18 6.09864e-20 3.82745e-16 5.0822e-21 6.55231e-17 2.26649e-17 0 5.0822e-21 8.47033e-20 0 2.09539e-17 0 0 0 0 0 0 1.17229e-18 0 0 0 0 0
0.0125  2426.36 1.20584e-05 0.000184667 0.000167816 0.00779476 0.00224389 0.0863738 0.719534 3.38024e-06 5.78501e-07 0.0128354 0.17085 2.97814e-10 1.51804e-08 8.61163e-16 8.68213e-15 5.02926e-16 8.13152e-20 1.30015e-15 2.77391e-15 3.0572e-16 2.36356e-17 0 0 0 5.1669e-19 3.04932e-20 1.97963e-16 3.38813e-21 4.14047e-17 1.28732e-17 0 1.69407e-21 3.72694e-20 0 1.04066e-17 0 0 0 0 0 0 4.92973e-19 0 0 0 0 0
0.0128472  2427.84 1.17927e-05 0.000182646 0.000164309 0.00770259 0.00222336 0.086414 0.719526 3.32078e-06 5.64728e-07 0.0126989 0.171073 2.91302e-10 1.46664e-08 8.25181e-16 8.31959e-15 4.8133e-16 7.6233e-20 1.25398e-15 2.65072e-15 2.94601e-16 2.2792e-17 0 0 0 2.52416e-19 1.52466e-20 1.02886e-16 1.69407e-21 2.87686e-17 7.84353e-18 0 1.69407e-21 1.69407e-20 0 5.19909e-18 0 0 0 0 0 0 2.0837e-19 0 0 0 0 0
0.0131944  2429.23 1.15457e-05 0.000180743 0.000161049 0.0076158 0.00220403 0.0864518 0.719518 3.26565e-06 5.51985e-07 0.0125702 0.171283 2.85238e-10 1.41942e-08 7.92696e-16 7.98937e-15 4.61689e-16 7.28448e-20 1.21228e-15 2.5399e-15 2.85079e-16 2.20567e-17 0 0 0 1.23667e-19 6.77626e-21 5.34884e-17 1.69407e-21 2.19839e-17 5.21772e-18 0 0 6.77626e-21 0 2.60039e-18 0 0 0 0 0 0 8.80914e-20 0 0 0 0 0
0.0135417  2430.53 1.1316e-05 0.00017895 0.000158016 0.00753406 0.00218581 0.0864871 0.719511 3.21449e-06 5.40177e-07 0.0124487 0.171481 2.79585e-10 1.37596e-08 7.63194e-16 7.68784e-15 4.43779e-16 6.77626e-20 1.17435e-15 2.4396e-15 2.76658e-16 2.13961e-17 0 0 0 5.92923e-20 3.38813e-21 2.7266e-17 1.69407e-21 1.81807e-17 3.80148e-18 0 0 3.38813e-21 0 1.27394e-18 0 0 0 0 0 0 3.55754e-20 0 0 0 0 0
0.0142361  2432.9 1.09035e-05 0.000175673 0.000152572 0.00738481 0.00215256 0.0865513 0.719499 3.12293e-06 5.19102e-07 0.0122262 0.171843 2.69409e-10 1.29911e-08 7.11913e-16 7.16044e-15 4.12519e-16 6.09864e-20 1.1082e-15 2.26609e-15 2.6225e-16 2.02593e-17 0 0 0 1.69407e-20 1.69407e-21 8.6787e-18 1.69407e-21 1.49603e-17 2.72236e-18 0 0 1.69407e-21 0 3.84553e-19 0 0 0 0 0 0 8.47033e-21 0 0 0 0 0
0.0149306  2435.02 1.05422e-05 0.000172743 0.0001478 0.00725094 0.00212282 0.0866084 0.719488 3.04289e-06 5.00755e-07 0.0120261 0.172169 2.60457e-10 1.23299e-08 6.68497e-16 6.71282e-15 3.86056e-16 5.59042e-20 1.05178e-15 2.12002e-15 2.49995e-16 1.92886e-17 0 0 0 5.0822e-21 0 2.83248e-18 0 1.34644e-17 2.31071e-18 0 0 0 0 1.18585e-19 0 0 0 0 0 0 1.69407e-21 0 0 0 0 0
0.015625  2436.92 1.02244e-05 0.000170116 0.0001436 0.00713056 0.00209615 0.0866593 0.719479 2.97256e-06 4.84704e-07 0.0118458 0.172462 2.52551e-10 1.17576e-08 6.3145e-16 6.33013e-15 3.63484e-16 5.2516e-20 1.00329e-15 1.99602e-15 2.39414e-16 1.84518e-17 0 0 0 1.69407e-21 0 9.65618e-19 0 1.257e-17 2.11419e-18 0 0 0 0 3.72694e-20 0 0 0 0 0 0 0 0 0 0 0 0
0.0163194  2438.63 9.94359e-06 0.000167754 0.00013989 0.00702211 0.00207219 0.0867049 0.71947 2.91049e-06 4.70598e-07 0.0116831 0.172727 2.45544e-10 1.12596e-08 5.99604e-16 6.00078e-15 3.44099e-16 4.74338e-20 9.61355e-16 1.88996e-15 2.30198e-16 1.77233e-17 0 0 0 0 0 3.59142e-19 0 1.19194e-17 1.99222e-18 0 0 0 0 1.18585e-20 0 0 0 0 0 0 0 0 0 0 0 0
0.0170139  2440.16 9.69471e-06 0.000165627 0.0001366 0.00692422 0.00205062 0.0867457 0.719463 2.85549e-06 4.58154e-07 0.011536 0.172966 2.39313e-10 1.08241e-08 5.72061e-16 5.71568e-15 3.27349e-16 4.57398e-20 9.24865e-16 1.79861e-15 2.22123e-16 1.70863e-17 0 0 0 0 0 1.59242e-19 0 1.13926e-17 1.90244e-18 0 0 0 0 3.38813e-21 0 0 0 0 0 0 0 0 0 0 0 0
0.0177083  2441.55 9.47342e-06 0.000163708 0.000133676 0.00683575 0.00203118 0.0867824 0.719456 2.8066e-06 4.47137e-07 0.0114028 0.173182 2.33757e-10 1.04417e-08 5.48103e-16 5.46759e-15 3.12797e-16 4.23516e-20 8.92954e-16 1.71948e-15 2.15014e-16 1.65256e-17 0 0 0 0 0 9.14796e-20 0 1.09437e-17 1.8279e-18 0 0 0 0 1.69407e-21 0 0 0 0 0 0 0 0 0 0 0 0
0.0184028  2442.79 9.27616e-06 0.000161974 0.000131069 0.00675568 0.00201364 0.0868154 0.719449 2.76301e-06 4.37354e-07 0.0112822 0.173378 2.28792e-10 1.01046e-08 5.27166e-16 5.25073e-15 3.00097e-16 4.06576e-20 8.64926e-16 1.65058e-15 2.08731e-16 1.60326e-17 0 0 0 0 0 6.77626e-20 0 1.05506e-17 1.76522e-18 0 0 0 0 0 0 0 0 0 0 0 0 0 0 0 0 0
0.0190972  2443.92 9.09993e-06 0.000160406 0.00012874 0.00668317 0.0019978 0.0868452 0.719444 2.72406e-06 4.28647e-07 0.0111728 0.173556 2.24345e-10 9.80654e-09 5.08796e-16 5.06041e-15 2.88965e-16 3.89635e-20 8.40214e-16 1.59033e-15 2.03161e-16 1.55956e-17 0 0 0 0 0 5.92923e-20 0 1.02067e-17 1.70931e-18 0 0 0 0 0 0 0 0 0 0 0 0 0 0 0 0 0
0.0197917  2444.94 8.94222e-06 0.000158987 0.000126657 0.00661749 0.00198347 0.086872 0.719439 2.6892e-06 4.20882e-07 0.0110736 0.173717 2.20356e-10 9.54232e-09 4.92619e-16 4.89283e-15 2.79175e-16 3.55754e-20 8.18357e-16 1.53743e-15 1.98209e-16 1.52059e-17 0 0 0 0 0 5.42101e-20 0 9.90182e-18 1.66018e-18 0 0 0 0 0 0 0 0 0 0 0 0 0 0 0 0 0
0.0204861  2445.87 8.80092e-06 0.000157702 0.000124792 0.00655804 0.00197052 0.0868961 0.719434 2.65797e-06 4.13948e-07 0.0109836 0.173863 2.16776e-10 9.30766e-09 4.78335e-16 4.74491e-15 2.70544e-16 3.55754e-20 7.98976e-16 1.49084e-15 1.93799e-16 1.48603e-17 0 0 0 0 0 5.2516e-20 0 9.63076e-18 1.61614e-18 0 0 0 0 0 0 0 0 0 0 0 0 0 0 0 0 0
0.021875  2447.44 8.56192e-06 0.000155495 0.000121641 0.0064564 0.00194838 0.0869372 0.719427 2.60523e-06 4.02282e-07 0.0108293 0.174113 2.10707e-10 8.91546e-09 4.54655e-16 4.49957e-15 2.56246e-16 3.21873e-20 7.66683e-16 1.41388e-15 1.86401e-16 1.4281e-17 0 0 0 0 0 5.0822e-20 0 9.17845e-18 1.54329e-18 0 0 0 0 0 0 0 0 0 0 0 0 0 0 0 0 0
0.0232639  2448.75 8.36608e-06 0.000153659 0.000119059 0.00637149 0.00192998 0.0869712 0.719421 2.56191e-06 3.92762e-07 0.0107002 0.174322 2.05713e-10 8.59798e-09 4.35648e-16 4.30285e-15 2.44799e-16 3.04932e-20 7.40581e-16 1.35235e-15 1.80386e-16 1.38117e-17 0 0 0 0 0 4.91279e-20 0 8.81253e-18 1.4857e-18 0 0 0 0 0 0 0 0 0 0 0 0 0 0 0 0 0
0.0246528  2449.84 8.20473e-06 0.000152128 0.000116933 0.00630042 0.00191465 0.0869994 0.719416 2.52614e-06 3.84947e-07 0.010592 0.174497 2.01586e-10 8.33914e-09 4.20266e-16 4.14375e-15 2.35555e-16 2.87991e-20 7.19344e-16 1.30273e-15 1.75466e-16 1.34272e-17 0 0 0 0 0 4.74338e-20 0 8.51438e-18 1.43657e-18 0 0 0 0 0 0 0 0 0 0 0 0 0 0 0 0 0
0.0260417  2450.76 8.07132e-06 0.000150847 0.000115175 0.00624088 0.00190186 0.0870229 0.719412 2.4965e-06 3.78505e-07 0.0105013 0.174644 1.98164e-10 8.12702e-09 4.07736e-16 4.01423e-15 2.28038e-16 2.71051e-20 7.01967e-16 1.26244e-15 1.71423e-16 1.31121e-17 0 0 0 0 0 4.57398e-20 0 8.27043e-18 1.3976e-18 0 0 0 0 0 0 0 0 0 0 0 0 0 0 0 0 0
0.0274306  2451.52 7.96081e-06 0.000149776 0.00011372 0.00619108 0.00189118 0.0870425 0.719408 2.47194e-06 3.73187e-07 0.0104253 0.174767 1.95324e-10 7.95268e-09 3.97487e-16 3.90835e-15 2.21899e-16 2.71051e-20 6.87692e-16 1.22956e-15 1.68087e-16 1.28512e-17 0 0 0 0 0 4.57398e-20 0 8.06884e-18 1.36542e-18 0 0 0 0 0 0 0 0 0 0 0 0 0 0 0 0 0
0.0302083  2452.66 7.79678e-06 0.000148164 0.000111566 0.0061168 0.00187521 0.0870714 0.719404 2.43557e-06 3.65338e-07 0.0103112 0.174951 1.91099e-10 7.69642e-09 3.825e-16 3.7536e-15 2.12934e-16 2.5411e-20 6.66703e-16 1.18158e-15 1.63162e-16 1.24683e-17 0 0 0 0 0 4.40457e-20 0 7.77407e-18 1.31798e-18 0 0 0 0 0 0 0 0 0 0 0 0 0 0 0 0 0
0.0329861  2453.48 7.67963e-06 0.000147001 0.000110028 0.00606297 0.0018637 0.0870921 0.7194 2.40951e-06 3.59749e-07 0.0102283 0.175085 1.88068e-10 7.51485e-09 3.71939e-16 3.6447e-15 2.06632e-16 2.37169e-20 6.51829e-16 1.14787e-15 1.59657e-16 1.21956e-17 0 0 0 0 0 4.23516e-20 0 7.5657e-18 1.2841e-18 0 0 0 0 0 0 0 0 0 0 0 0 0 0 0 0 0
0.0385417  2454.43 7.54371e-06 0.000145632 0.00010825 0.00600027 0.00185026 0.0871158 0.719397 2.37934e-06 3.53307e-07 0.0101308 0.175241 1.84538e-10 7.30595e-09 3.5984e-16 3.52006e-15 1.99427e-16 2.37169e-20 6.34678e-16 1.10932e-15 1.556e-16 1.18788e-17 0 0 0 0 0 4.06576e-20 0 7.32345e-18 1.24514e-18 0 0 0 0 0 0 0 0 0 0 0 0 0 0 0 0 0
0.0440972  2454.97 7.46724e-06 0.000144855 0.000107251 0.00596463 0.00184265 0.0871291 0.719396 2.36233e-06 3.49694e-07 0.0100751 0.175331 1.82543e-10 7.18912e-09 3.53101e-16 3.45071e-15 1.95421e-16 2.20229e-20 6.25076e-16 1.08788e-15 1.53321e-16 1.17026e-17 0 0 0 0 0 4.06576e-20 0 7.18962e-18 1.22312e-18 0 0 0 0 0 0 0 0 0 0 0 0 0 0 0 0 0
0.0552083  2455.4 7.4063e-06 0.00014423 0.000106457 0.00593626 0.00183658 0.0871394 0.719395 2.34882e-06 3.4683e-07 0.0100303 0.175402 1.80946e-10 7.09637e-09 3.47758e-16 3.3958e-15 1.92249e-16 2.20229e-20 6.17424e-16 1.0709e-15 1.51502e-16 1.15603e-17 0 0 0 0 0 4.06576e-20 0 7.0812e-18 1.20617e-18 0 0 0 0 0 0 0 0 0 0 0 0 0 0 0 0 0
0.071875  2455.59 7.37927e-06 0.000143952 0.000106106 0.00592367 0.00183388 0.0871439 0.719394 2.34283e-06 3.45564e-07 0.0100103 0.175434 1.80235e-10 7.05531e-09 3.45396e-16 3.37153e-15 1.90848e-16 2.20229e-20 6.14026e-16 1.0634e-15 1.50694e-16 1.14976e-17 0 0 0 0 0 4.06576e-20 0 7.03376e-18 1.1977e-18 0 0 0 0 0 0 0 0 0 0 0 0 0 0 0 0 0
0.096875  2455.65 7.37058e-06 0.000143862 0.000105993 0.00591962 0.00183301 0.0871453 0.719394 2.34091e-06 3.45158e-07 0.0100038 0.175444 1.80006e-10 7.0421e-09 3.44636e-16 3.36373e-15 1.90399e-16 2.20229e-20 6.1293e-16 1.06098e-15 1.50433e-16 1.14773e-17 0 0 0 0 0 4.06576e-20 0 7.01852e-18 1.19601e-18 0 0 0 0 0 0 0 0 0 0 0 0 0 0 0 0 0
0.134375  2455.66 7.36861e-06 0.000143841 0.000105968 0.00591871 0.00183281 0.0871456 0.719394 2.34047e-06 3.45066e-07 0.0100023 0.175446 1.79953e-10 7.0391e-09 3.44463e-16 3.36196e-15 1.90296e-16 2.20229e-20 6.12681e-16 1.06043e-15 1.50374e-16 1.14722e-17 0 0 0 0 0 4.06576e-20 0 7.01513e-18 1.19601e-18 0 0 0 0 0 0 0 0 0 0 0 0 0 0 0 0 0
0.190625  2455.67 7.3683e-06 0.000143838 0.000105964 0.00591856 0.00183278 0.0871457 0.719394 2.3404e-06 3.45052e-07 0.0100021 0.175447 1.79945e-10 7.03863e-09 3.44436e-16 3.36168e-15 1.90281e-16 2.20229e-20 6.12642e-16 1.06035e-15 1.50365e-16 1.14722e-17 0 0 0 0 0 4.06576e-20 0 7.01343e-18 1.19601e-18 0 0 0 0 0 0 0 0 0 0 0 0 0 0 0 0 0
0.275  2455.67 7.36826e-06 0.000143838 0.000105963 0.00591855 0.00183278 0.0871457 0.719394 2.34039e-06 3.4505e-07 0.0100021 0.175447 1.79944e-10 7.03858e-09 3.44432e-16 3.36165e-15 1.90279e-16 2.20229e-20 6.12639e-16 1.06034e-15 1.50364e-16 1.14722e-17 0 0 0 0 0 4.06576e-20 0 7.01343e-18 1.19601e-18 0 0 0 0 0 0 0 0 0 0 0 0 0 0 0 0 0
0.401562  2455.67 7.36826e-06 0.000143838 0.000105963 0.00591855 0.00183278 0.0871457 0.719394 2.34039e-06 3.4505e-07 0.0100021 0.175447 1.79944e-10 7.03858e-09 3.44432e-16 3.36165e-15 1.90279e-16 2.20229e-20 6.12639e-16 1.06034e-15 1.50364e-16 1.14722e-17 0 0 0 0 0 4.06576e-20 0 7.01343e-18 1.19601e-18 0 0 0 0 0 0 0 0 0 0 0 0 0 0 0 0 0
0.591406  2455.67 7.36826e-06 0.000143838 0.000105963 0.00591855 0.00183278 0.0871457 0.719394 2.34039e-06 3.4505e-07 0.0100021 0.175447 1.79944e-10 7.03858e-09 3.44432e-16 3.36165e-15 1.90279e-16 2.20229e-20 6.12639e-16 1.06034e-15 1.50364e-16 1.14722e-17 0 0 0 0 0 4.06576e-20 0 7.01343e-18 1.19601e-18 0 0 0 0 0 0 0 0 0 0 0 0 0 0 0 0 0
0.876172  2455.67 7.36826e-06 0.000143838 0.000105963 0.00591855 0.00183278 0.0871457 0.719394 2.34039e-06 3.4505e-07 0.0100021 0.175447 1.79944e-10 7.03858e-09 3.44432e-16 3.36165e-15 1.90279e-16 2.20229e-20 6.12639e-16 1.06034e-15 1.50364e-16 1.14722e-17 0 0 0 0 0 4.06576e-20 0 7.01343e-18 1.19601e-18 0 0 0 0 0 0 0 0 0 0 0 0 0 0 0 0 0
1.30332  2455.67 7.36826e-06 0.000143838 0.000105963 0.00591855 0.00183278 0.0871457 0.719394 2.34039e-06 3.4505e-07 0.0100021 0.175447 1.79944e-10 7.03858e-09 3.44432e-16 3.36165e-15 1.90279e-16 2.20229e-20 6.12639e-16 1.06034e-15 1.50364e-16 1.14722e-17 0 0 0 0 0 4.06576e-20 0 7.01343e-18 1.19601e-18 0 0 0 0 0 0 0 0 0 0 0 0 0 0 0 0 0
1.94404  2455.67 7.36826e-06 0.000143838 0.000105963 0.00591855 0.00183278 0.0871457 0.719394 2.34039e-06 3.4505e-07 0.0100021 0.175447 1.79944e-10 7.03858e-09 3.44432e-16 3.36165e-15 1.90279e-16 2.20229e-20 6.12639e-16 1.06034e-15 1.50364e-16 1.14722e-17 0 0 0 0 0 4.06576e-20 0 7.01343e-18 1.19601e-18 0 0 0 0 0 0 0 0 0 0 0 0 0 0 0 0 0
2.90513  2455.67 7.36826e-06 0.000143838 0.000105963 0.00591855 0.00183278 0.0871457 0.719394 2.34039e-06 3.4505e-07 0.0100021 0.175447 1.79944e-10 7.03858e-09 3.44432e-16 3.36165e-15 1.90279e-16 2.20229e-20 6.12639e-16 1.06034e-15 1.50364e-16 1.14722e-17 0 0 0 0 0 4.06576e-20 0 7.01343e-18 1.19601e-18 0 0 0 0 0 0 0 0 0 0 0 0 0 0 0 0 0
4.34675  2455.67 7.36826e-06 0.000143838 0.000105963 0.00591855 0.00183278 0.0871457 0.719394 2.34039e-06 3.4505e-07 0.0100021 0.175447 1.79944e-10 7.03858e-09 3.44432e-16 3.36165e-15 1.90279e-16 2.20229e-20 6.12639e-16 1.06034e-15 1.50364e-16 1.14722e-17 0 0 0 0 0 4.06576e-20 0 7.01343e-18 1.19601e-18 0 0 0 0 0 0 0 0 0 0 0 0 0 0 0 0 0
6.50919  2455.67 7.36826e-06 0.000143838 0.000105963 0.00591855 0.00183278 0.0871457 0.719394 2.34039e-06 3.4505e-07 0.0100021 0.175447 1.79944e-10 7.03858e-09 3.44432e-16 3.36165e-15 1.90279e-16 2.20229e-20 6.12639e-16 1.06034e-15 1.50364e-16 1.14722e-17 0 0 0 0 0 4.06576e-20 0 7.01343e-18 1.19601e-18 0 0 0 0 0 0 0 0 0 0 0 0 0 0 0 0 0
9.75285  2455.67 7.36826e-06 0.000143838 0.000105963 0.00591855 0.00183278 0.0871457 0.719394 2.34039e-06 3.4505e-07 0.0100021 0.175447 1.79944e-10 7.03858e-09 3.44432e-16 3.36165e-15 1.90279e-16 2.20229e-20 6.12639e-16 1.06034e-15 1.50364e-16 1.14722e-17 0 0 0 0 0 4.06576e-20 0 7.01343e-18 1.19601e-18 0 0 0 0 0 0 0 0 0 0 0 0 0 0 0 0 0
14.6183  2455.67 7.36826e-06 0.000143838 0.000105963 0.00591855 0.00183278 0.0871457 0.719394 2.34039e-06 3.4505e-07 0.0100021 0.175447 1.79944e-10 7.03858e-09 3.44432e-16 3.36165e-15 1.90279e-16 2.20229e-20 6.12639e-16 1.06034e-15 1.50364e-16 1.14722e-17 0 0 0 0 0 4.06576e-20 0 7.01343e-18 1.19601e-18 0 0 0 0 0 0 0 0 0 0 0 0 0 0 0 0 0
