TITLE="Graphics"
VARIABLES= "x", "T", "Y_H", "Y_H2", "Y_O", "Y_O2", "Y_OH", "Y_H2O", "Y_N2", "Y_HO2", "Y_H2O2", "Y_CO", "Y_CO2", "Y_CH2O", "Y_HCO", "Y_CH3OH", "Y_CH2OH", "Y_CH3O", "Y_CH3O2", "Y_CH4", "Y_CH3", "Y_CH2", "Y_CH2(S)", "Y_C2H6", "Y_C2H5O2", "Y_C2H5", "Y_C2H4", "Y_C2H3", "Y_C2H2", "Y_CH2CHO", "Y_CH2CO", "Y_HCCO", "Y_NC3H7", "Y_C3H6", "Y_C3H5-A", "Y_C3H5O", "Y_C3H4-A", "Y_NC3H7O2", "Y_C2H3CHO", "Y_NC7H16", "Y_C7H15", "Y_C7H15O2", "Y_C7H14OOH", "Y_C7H14", "Y_C7H14OOHO2", "Y_NC7KET", "Y_C7H14O", "Y_NC3H7CHO", "Y_NC3H7CO"
-0.352127  500 0 0 0 0.218435 0 0 0.719386 0 0 0 0 0 0 0 0 0 0 0 0 0 0 0 0 0 0 0 0 0 0 0 0 0 0 0 0 0 0 0.0621786 0 0 0 0 0 0 0 0 0
-0.257205  500 0 7.27822e-17 0 0.218435 1.18585e-20 7.8742e-16 0.719386 7.98383e-16 1.06608e-17 0 0 0 0 0 0 0 1.86347e-20 0 0 0 0 0 0 0 0 0 0 0 1.69407e-20 0 0 0 0 0 0 0 0 0.0621786 1.69407e-21 1.69263e-15 2.37169e-20 1.6856e-18 1.938e-15 6.35677e-15 4.55704e-19 2.71051e-20 0
-0.193924  500 0 1.82621e-15 0 0.218435 2.20229e-20 1.69946e-15 0.719386 1.32633e-15 2.2443e-17 0 0 0 0 0 0 0 4.40457e-20 0 0 0 0 0 0 0 0 0 0 0 3.89635e-20 0 0 0 0 0 0 0 0 0.0621786 1.69407e-21 2.7205e-15 3.89635e-20 3.49147e-18 3.37645e-15 1.37348e-14 9.45289e-19 6.77626e-20 0
-0.151736  500 0 3.0378e-14 0 0.218435 2.71051e-20 2.48301e-15 0.719386 1.67639e-15 3.23668e-17 3.38813e-21 0 0 0 0 0 0 6.94567e-20 0 0 0 0 0 0 0 0 0 0 0 6.26804e-20 0 0 0 0 0 0 0 0 0.0621786 3.38813e-21 3.3986e-15 4.74338e-20 4.99411e-18 4.35377e-15 2.00757e-14 1.35186e-18 1.06726e-19 0
-0.123611  500 0 3.46669e-13 0 0.218435 3.21873e-20 3.09036e-15 0.719386 1.90892e-15 3.9919e-17 1.60936e-19 8.47033e-21 0 0 0 0 0 8.97855e-20 8.47033e-21 0 0 0 0 0 0 1.86347e-20 0 0 0 8.13152e-20 0 0 0 0 0 0 0 0 0.0621786 3.38813e-21 3.85079e-15 5.42101e-20 6.12913e-18 5.00934e-15 2.4939e-14 1.66018e-18 1.38913e-19 0
-0.104861  500 0 2.75282e-12 0 0.218435 3.38813e-20 3.67628e-15 0.719386 2.06363e-15 4.59278e-17 4.33003e-18 2.9985e-19 1.52466e-20 0 0 0 0 1.06726e-19 1.88041e-19 0 0 0 0 0 0 5.26854e-19 0 5.0822e-21 0 9.48677e-20 0 0 3.38813e-21 0 0 0 0 0 0.0621786 3.38813e-21 4.1527e-15 5.92923e-20 6.94567e-18 5.4477e-15 2.84653e-14 1.88041e-18 1.6263e-19 0
-0.0861111  500 0 2.51996e-11 0 0.218435 3.72694e-20 8.21323e-15 0.719386 2.22015e-15 7.05155e-17 1.38509e-16 1.2182e-17 5.709e-19 0 3.04932e-20 0 0 1.32137e-19 5.48708e-18 0 0 0 2.03288e-20 0 0 1.79029e-17 0 2.04982e-19 0 1.33831e-19 0 0 1.37219e-19 0 0 1.69407e-21 0 1.69407e-21 0.0621786 3.38813e-21 4.45522e-15 6.26804e-20 7.8215e-18 5.88719e-15 3.22763e-14 2.11758e-18 1.91429e-19 0
-0.0611111  500 0 3.45951e-10 0 0.218435 4.06576e-20 1.79138e-13 0.719386 2.5373e-15 1.01764e-15 6.82444e-15 7.63295e-16 3.47148e-17 0 1.855e-18 0 0 6.7085e-19 2.45579e-16 0 0 0 1.40607e-18 6.77626e-21 0 9.38211e-16 0 1.13519e-17 0 1.7686e-18 0 0 9.65787e-18 1.52466e-20 0 1.15196e-19 0 9.14796e-20 0.0621786 3.38813e-21 4.8608e-15 6.94567e-20 9.10391e-18 6.47582e-15 3.78628e-14 2.46317e-18 2.37169e-19 0
-0.0527778  500 0 1.24443e-09 0 0.218435 4.23516e-20 1.55046e-12 0.719386 3.67977e-15 1.00432e-14 7.08128e-14 9.86666e-15 4.37108e-16 0 2.38033e-17 0 0 7.337e-18 2.33707e-15 0 0 0 1.92988e-17 1.15196e-19 0 1.02952e-14 0 1.31026e-16 0 2.391e-17 0 0 1.3952e-16 2.27005e-19 0 1.72287e-18 0 1.75166e-18 0.0621786 3.38813e-21 5.00116e-15 7.11508e-20 9.76798e-18 6.6745e-15 3.9783e-14 2.59023e-18 3.01544e-19 0
-0.0444444  500 0 5.46882e-09 0 0.218435 4.40457e-20 1.88004e-11 0.719386 1.96916e-14 1.44687e-13 1.02142e-12 1.79915e-13 7.75155e-15 0 4.30608e-16 0 0 1.41111e-16 3.0712e-14 0 0 0 3.75178e-16 2.86297e-18 0 1.57677e-13 0 2.1181e-15 1.86347e-20 4.9146e-16 0 0 2.86125e-15 4.74e-18 0 3.65495e-17 1.01644e-20 4.86146e-17 0.0621786 3.38813e-21 5.21137e-15 7.28448e-20 1.92276e-17 6.90322e-15 4.17708e-14 3.10183e-18 1.79571e-18 0
-0.0388889  500 0 1.69726e-08 0 0.218435 4.57398e-20 1.41283e-10 0.719386 1.52971e-13 1.27587e-12 8.97264e-12 1.96351e-12 8.24294e-14 0 4.66481e-15 0 0 1.64922e-15 2.4773e-13 0 0 0 4.34706e-15 4.20416e-17 0 1.46372e-12 0 2.06684e-14 5.96311e-19 6.03042e-15 0 0 3.48547e-14 5.87536e-17 0 4.59725e-16 1.77877e-19 7.88396e-16 0.0621786 5.0822e-21 5.81076e-15 8.13152e-20 2.18819e-16 7.21957e-15 4.31808e-14 1.2282e-17 2.66392e-17 0
-0.0333333  500 0 5.68658e-08 0 0.218435 6.09864e-20 1.20942e-09 0.719386 1.51527e-12 1.29068e-11 9.03715e-11 2.47694e-11 1.01228e-12 0 5.83973e-14 0 0 2.23543e-14 2.28289e-12 0 0 0 5.83365e-14 7.19893e-16 0 1.56133e-11 0 2.32191e-13 1.80096e-17 8.58821e-14 0 0 4.92547e-13 8.45178e-16 0 6.71482e-15 3.62191e-18 1.49502e-14 0.0621786 1.86347e-20 1.11275e-14 1.57548e-19 5.55034e-15 9.21566e-15 4.53817e-14 2.70122e-16 5.32071e-16 0
-0.0277778  500 0 1.95208e-07 0 0.218435 2.49028e-19 1.05243e-08 0.719386 1.54435e-11 1.32498e-10 9.23673e-10 3.16377e-10 1.25903e-11 0 7.4027e-13 0 0 3.0662e-13 2.13684e-11 1.69407e-21 0 0 7.9221e-13 1.2448e-14 0 1.6891e-10 0 2.64411e-12 5.43295e-16 1.23705e-12 0 0 7.0402e-12 1.22954e-14 0 9.9173e-14 7.41425e-17 2.86054e-13 0.0621786 1.49078e-19 6.54383e-14 9.2496e-19 1.48182e-13 2.8466e-14 6.05837e-14 7.57751e-15 1.08189e-14 0
-0.025  500 0 3.92407e-07 0 0.218435 1.47892e-18 4.21507e-08 0.719386 7.05871e-11 6.08568e-10 4.22686e-09 1.75107e-09 6.80975e-11 0 4.07039e-12 0 1.69407e-21 1.80569e-12 9.08722e-11 8.47033e-21 0 0 4.62475e-12 9.00083e-14 0 8.10874e-10 0 1.32589e-11 6.55143e-15 7.60436e-12 0 0 4.29847e-11 7.62438e-14 1.52466e-20 6.23223e-13 6.24567e-16 2.26612e-12 0.0621786 7.03037e-19 2.78152e-13 3.93023e-18 1.59706e-12 1.02288e-13 1.77465e-13 8.61925e-14 9.06183e-14 0
-0.0222222  500.001 0 8.32934e-07 0 0.218435 1.55837e-17 1.95866e-07 0.719385 3.79975e-10 3.29421e-09 2.27863e-08 1.16407e-08 4.41413e-10 0 2.68653e-11 0 9.14796e-20 1.28458e-11 4.51524e-10 6.26804e-20 0 0 3.25887e-11 7.99764e-13 1.69407e-21 4.60937e-09 0 7.9085e-11 7.79013e-14 5.66847e-11 0 0 3.18064e-10 5.73757e-13 6.42051e-19 4.75831e-12 6.5362e-15 2.22086e-11 0.0621787 4.3673e-18 2.21351e-12 3.12725e-17 2.17042e-11 8.95511e-13 1.89512e-12 1.2402e-12 9.42599e-13 0
-0.0194444  500.006 6.77626e-21 1.81704e-06 2.03288e-20 0.218434 1.89805e-16 9.42979e-07 0.719384 2.11582e-09 1.84447e-08 1.27065e-07 7.98126e-08 2.95208e-09 0 1.82897e-10 0 5.20586e-18 9.41526e-11 2.32292e-09 5.38713e-19 0 0 2.36626e-10 7.29499e-12 1.01644e-20 2.70849e-08 0 4.87293e-10 9.25595e-13 4.35004e-10 0 0 2.42321e-09 4.44442e-12 3.04441e-17 3.73866e-11 7.00304e-14 2.2306e-10 0.0621788 3.22025e-17 2.44302e-11 3.45205e-16 3.00744e-10 1.11434e-11 2.80076e-11 1.81802e-11 1.00387e-11 0
-0.0166667  500.032 2.93073e-19 4.01545e-06 1.0554e-18 0.218431 2.4555e-15 4.57414e-06 0.71938 1.18555e-08 1.03911e-07 7.12957e-07 5.49727e-07 1.98358e-08 3.04932e-20 1.25092e-09 0 2.97434e-16 6.92968e-10 1.20334e-08 7.84522e-18 0 0 1.72534e-09 6.67485e-11 1.06726e-19 1.6007e-07 1.86347e-20 3.01867e-09 1.0997e-11 3.35108e-09 0 1.69407e-21 1.85333e-08 3.45607e-11 1.47649e-15 2.94837e-10 7.52146e-13 2.24589e-09 0.0621792 2.87246e-16 3.23336e-10 4.57298e-15 4.17303e-09 1.54043e-10 4.28499e-10 2.66838e-10 1.0715e-10 0
-0.0138889  500.183 1.22007e-17 8.92619e-06 5.78964e-17 0.218414 3.42706e-14 2.22203e-05 0.719365 6.65244e-08 5.8598e-07 4.00446e-06 3.78849e-06 1.33349e-07 1.51111e-18 8.56046e-09 6.77626e-21 1.69317e-14 5.10373e-09 6.24146e-08 2.5712e-16 0 0 1.25861e-08 6.11634e-10 1.63647e-18 9.46835e-07 9.1649e-19 1.87144e-08 1.30652e-10 2.58251e-08 1.52466e-20 1.86347e-20 1.41803e-07 2.69002e-10 7.24298e-14 2.32596e-09 8.08931e-12 2.2615e-08 0.0621802 3.19048e-15 4.70647e-09 6.69037e-14 5.79004e-08 2.19051e-09 6.59373e-09 3.9162e-09 1.14377e-09 7.96211e-20
-0.0111111  501.048 5.09756e-16 1.98901e-05 3.63015e-15 0.218317 5.66239e-13 0.000107905 0.719311 3.73996e-07 3.30284e-06 2.24838e-05 2.60947e-05 8.95739e-07 7.82404e-17 5.85479e-08 9.36818e-19 9.49771e-13 3.7611e-08 3.2364e-07 1.21967e-14 0 0 9.17615e-08 5.64041e-09 5.45286e-17 5.59819e-06 4.67596e-17 1.15965e-07 1.55211e-09 1.98895e-07 1.8855e-18 4.09964e-19 1.08431e-06 2.09989e-09 3.51044e-12 1.83381e-08 8.75683e-11 2.27542e-07 0.0621819 4.69695e-14 7.14979e-08 1.04611e-12 8.02703e-07 3.0883e-08 1.01654e-07 5.74268e-08 1.21999e-08 1.48705e-17
-0.00833333  505.959 2.16854e-14 4.4291e-05 2.83066e-13 0.217779 1.30897e-11 0.000522038 0.719091 2.12239e-06 1.8543e-05 0.000125837 0.000179084 5.98926e-06 4.69837e-15 3.98866e-07 1.61404e-16 5.07855e-11 2.77718e-07 1.67291e-06 6.38722e-13 2.71051e-19 0 6.6654e-07 5.38261e-08 2.97626e-15 3.29845e-05 2.70354e-15 7.16037e-07 1.84336e-08 1.52571e-06 3.43646e-16 6.27618e-17 8.25955e-06 1.66976e-08 1.55097e-10 1.44019e-07 9.81778e-10 2.27911e-06 0.0621681 1.0631e-12 1.0917e-06 1.87612e-11 1.1078e-05 4.16676e-07 1.56263e-06 8.3821e-07 1.29567e-07 3.61529e-15
-0.00555556  533.167 1.03419e-12 9.76374e-05 2.98924e-11 0.21482 4.74827e-10 0.0024732 0.718195 1.26441e-05 0.000101851 0.000691912 0.00120476 3.90659e-05 5.23937e-13 2.65975e-06 3.97118e-14 2.32909e-09 2.06073e-06 8.4962e-06 3.85988e-11 2.11923e-16 1.01644e-20 4.74474e-06 6.02648e-07 2.2558e-13 0.00019064 3.00234e-13 4.33527e-06 2.18948e-07 1.14521e-05 1.09265e-13 2.67586e-14 6.16122e-05 1.48503e-07 4.6971e-09 1.10739e-06 1.29529e-08 2.22818e-05 0.0618462 4.50704e-11 1.57785e-05 6.09289e-10 0.00014924 4.89013e-06 2.33807e-05 1.19367e-05 1.34435e-06 9.02728e-13
-0.00277778  667.74 1.40305e-10 0.000205229 5.18538e-09 0.200165 4.76627e-08 0.0106752 0.715309 9.12232e-05 0.000505137 0.00351184 0.00741241 0.000227017 2.43393e-10 1.61177e-05 1.62763e-11 6.41291e-08 1.49435e-05 3.98505e-05 6.00608e-09 3.31213e-13 8.77787e-16 3.08487e-05 1.04016e-05 1.06364e-09 0.00101066 1.89915e-10 2.40365e-05 2.68191e-06 7.80194e-05 1.41252e-10 6.6459e-11 0.000418466 2.11796e-06 2.7689e-08 7.74648e-06 2.60201e-07 0.00019538 0.0575668 1.86583e-08 0.000183513 1.04369e-07 0.00180629 2.2964e-05 0.000301882 0.000152387 1.25762e-05 1.52113e-10
0  1153.37 1.95947e-07 0.000383717 1.91779e-06 0.146132 1.22888e-05 0.0364077 0.714053 0.000876382 0.00181398 0.0144264 0.0362084 0.000915382 5.73974e-07 7.65225e-05 1.16527e-08 6.60613e-07 1.19853e-05 0.000152111 1.30163e-05 2.31702e-09 2.05058e-10 0.00015886 6.98341e-05 5.87164e-05 0.00428877 8.08163e-07 0.000106273 4.65321e-05 0.000414677 3.83851e-07 1.04173e-06 0.00222728 7.19442e-05 6.32129e-08 4.23518e-05 8.69962e-07 0.00124266 0.0215722 0.000139877 4.10592e-05 1.13941e-06 0.0164925 3.70453e-08 2.95352e-06 0.00144787 8.52587e-05 1.5839e-08
0.00277778  2121.66 7.68539e-05 0.000480991 0.000794684 0.0274996 0.003523 0.0797871 0.720791 5.27964e-05 7.01034e-06 0.0349038 0.130708 5.61487e-05 5.32197e-06 1.6158e-05 2.7296e-06 1.7578e-08 8.97552e-09 1.34772e-05 3.25271e-05 1.04104e-05 7.13177e-07 6.72689e-07 4.1039e-07 4.05785e-06 0.000130807 1.00125e-05 0.000343778 7.6512e-07 4.14823e-05 2.84117e-05 2.2508e-06 1.91136e-05 2.77592e-05 2.09298e-10 4.42536e-05 4.43184e-10 2.39355e-05 8.65097e-06 5.16512e-07 6.68951e-11 1.83545e-11 0.000532843 2.47664e-14 5.41801e-10 1.84516e-05 2.55171e-07 7.43765e-09
0.00555556  2281.38 3.94019e-05 0.000326241 0.000493525 0.0147542 0.00336097 0.0835143 0.720097 1.21598e-05 2.38464e-06 0.0226099 0.154737 2.05621e-06 2.10839e-07 3.94638e-07 9.96645e-08 4.12219e-10 7.87705e-11 3.95905e-07 9.41582e-07 5.65303e-07 3.1768e-08 3.47616e-09 3.76936e-09 4.71979e-08 2.0103e-06 1.7725e-07 1.8795e-05 5.70353e-09 2.16398e-06 1.39054e-06 4.45248e-09 1.69327e-07 9.70656e-07 1.44588e-12 3.6952e-06 2.74272e-13 1.26256e-07 1.60103e-09 6.69995e-11 8.59261e-15 8.05746e-15 1.80492e-05 2.87991e-20 1.00909e-13 2.58931e-07 8.76488e-10 8.2594e-11
0.00833333  2341.85 2.31166e-05 0.000252068 0.000303197 0.0109071 0.00280474 0.0850359 0.719783 6.38177e-06 1.28336e-06 0.0172844 0.163596 1.02246e-07 4.71218e-08 1.43443e-08 3.97894e-09 1.54654e-11 2.12922e-12 1.84118e-08 4.11667e-08 2.71781e-08 1.44371e-09 6.05555e-11 4.09797e-11 1.42948e-09 6.47222e-08 4.84434e-09 1.17414e-06 1.10357e-10 1.40642e-07 7.36668e-08 3.63946e-11 3.61863e-09 3.71445e-08 2.75453e-14 2.92677e-07 1.37221e-15 4.15696e-10 2.1815e-13 1.86649e-14 1.33374e-16 1.31227e-16 7.21908e-07 0 1.92056e-17 4.3863e-09 3.72833e-12 1.10503e-12
0.0111111  2372.58 1.59557e-05 0.000210871 0.000213607 0.00901236 0.00242553 0.0858546 0.719633 4.41277e-06 8.4617e-07 0.0145129 0.168116 6.84667e-09 2.45457e-08 7.51763e-10 2.15203e-10 8.1925e-13 9.61204e-14 1.20648e-09 2.45138e-09 1.59723e-09 8.29268e-11 2.0348e-12 4.8652e-13 5.53662e-11 3.14816e-09 1.92995e-10 8.56842e-08 3.86678e-12 1.0467e-08 4.71303e-09 6.0462e-13 1.22799e-10 1.58621e-09 8.01935e-16 2.35288e-08 1.72287e-17 1.1609e-12 2.58125e-17 3.67888e-16 4.00308e-18 2.86805e-18 3.3004e-08 0 5.0822e-21 8.60416e-11 1.89865e-14 1.8331e-14
0.0138889  2390.58 1.23265e-05 0.000185913 0.000167182 0.00789157 0.0021829 0.0863371 0.71955 3.49824e-06 6.37462e-07 0.0128432 0.170826 7.83675e-10 1.63446e-08 5.00542e-11 1.44515e-11 5.49698e-14 5.80496e-15 9.56336e-11 1.77598e-10 1.1232e-10 5.75678e-12 8.62011e-14 6.12608e-15 2.48729e-12 1.83907e-10 9.53727e-12 6.93218e-09 1.84992e-13 8.47778e-10 3.45979e-10 1.19256e-14 5.23413e-12 7.51079e-11 2.99087e-17 1.94953e-09 2.82909e-19 5.57014e-15 1.52466e-20 1.39862e-17 1.5416e-19 8.13152e-20 1.6622e-09 0 0 1.87514e-12 1.17399e-16 3.55483e-16
0.0166667  2402.03 1.02675e-05 0.000169829 0.000140607 0.00716887 0.00202376 0.086641 0.719499 2.99912e-06 5.23528e-07 0.011755 0.172588 2.9108e-10 1.23039e-08 3.85893e-12 1.11879e-12 4.56442e-15 4.18067e-16 8.40603e-12 1.45208e-11 8.90718e-12 4.52945e-13 4.14499e-15 8.21012e-17 1.23933e-13 1.20231e-11 5.4551e-13 6.00749e-10 1.08022e-14 7.29274e-11 2.79164e-11 2.61393e-16 2.56825e-13 3.8857e-12 1.32137e-18 1.66985e-10 5.0822e-21 1.31034e-16 0 6.30193e-19 6.77626e-21 3.38813e-21 8.9722e-11 0 0 4.40557e-14 1.00119e-18 7.69106e-18
0.0194444  2409.69 9.00303e-06 0.000158999 0.000124227 0.00667938 0.00191617 0.086842 0.719466 2.69787e-06 4.55373e-07 0.0110129 0.173788 2.23422e-10 1.00291e-08 3.26464e-13 9.8823e-14 6.46471e-16 3.36831e-17 7.84053e-13 1.2816e-12 7.64349e-13 3.86829e-14 2.17023e-16 1.24683e-18 6.64618e-15 8.58154e-13 3.49854e-14 5.46267e-11 7.28455e-16 6.56523e-12 2.40828e-12 6.18673e-18 1.3887e-14 2.16143e-13 6.60686e-20 1.47513e-11 0 5.86994e-18 0 3.21873e-20 0 0 5.0907e-12 0 0 1.09258e-15 1.35525e-20 1.79571e-19
0.0222222  2414.99 8.18228e-06 0.000151481 0.000113585 0.00633743 0.00184158 0.0869796 0.719444 2.50363e-06 4.1196e-07 0.0104922 0.174629 1.99687e-10 8.63927e-09 2.96907e-14 1.27043e-14 2.74376e-16 2.94598e-18 7.63124e-14 1.19808e-13 6.93093e-14 3.5002e-15 1.20685e-17 2.5411e-20 3.75817e-16 6.59345e-14 2.46811e-15 5.14293e-12 5.47387e-17 6.12028e-13 2.1807e-13 1.55854e-19 8.07226e-16 1.27695e-14 3.38813e-21 1.3386e-12 0 3.06626e-19 0 1.69407e-21 0 0 2.99477e-13 0 0 2.81808e-17 0 5.0822e-21
0.025  2418.74 7.62838e-06 0.000146149 0.000106404 0.00609361 0.00178888 0.0870762 0.719428 2.37272e-06 3.83062e-07 0.0101199 0.17523 1.85422e-10 7.74136e-09 3.13419e-15 4.56677e-15 2.13954e-16 2.91379e-19 8.1084e-15 1.24755e-14 6.63309e-15 3.37311e-16 7.01343e-19 1.69407e-21 2.2094e-17 5.39026e-15 1.88741e-16 4.96693e-13 4.46386e-18 5.8607e-14 2.04618e-14 3.38813e-21 4.97767e-17 7.95466e-16 0 1.24258e-13 0 1.69407e-20 0 0 0 0 1.80891e-14 0 0 7.48777e-19 0 0
0.0277778  2421.44 7.24401e-06 0.00014231 0.000101424 0.00591729 0.0017511 0.0871451 0.719417 2.28176e-06 3.63212e-07 0.00985017 0.175666 1.75642e-10 7.1378e-09 6.28626e-16 3.49906e-15 1.90511e-16 4.74338e-20 1.34688e-15 2.13925e-15 7.52572e-16 4.09473e-17 4.23516e-20 0 1.33831e-18 4.63825e-16 1.54397e-17 4.88794e-14 3.87941e-19 5.73267e-15 1.97179e-15 0 3.23736e-18 5.21112e-17 0 1.17543e-14 0 1.69407e-21 0 0 0 0 1.11401e-15 0 0 2.03288e-20 0 0
0.0305556  2423.4 6.97187e-06 0.000139516 9.79022e-05 0.00578856 0.00172371 0.0871949 0.719409 2.21723e-06 3.49267e-07 0.00965292 0.175984 1.68702e-10 6.72037e-09 3.66569e-16 3.1845e-15 1.76176e-16 2.37169e-20 6.41385e-16 1.06612e-15 1.80367e-16 1.19957e-17 3.38813e-21 0 8.30092e-20 4.15808e-17 1.33492e-18 4.87565e-15 3.55754e-20 5.74168e-16 1.9443e-16 0 2.21923e-19 3.59311e-18 0 1.12905e-15 0 0 0 0 0 0 6.95905e-17 0 0 0 0 0
0.0333333  2424.83 6.77646e-06 0.000137467 9.53758e-05 0.00569406 0.00170371 0.0872311 0.719403 2.17081e-06 3.39314e-07 0.00950782 0.176218 1.63702e-10 6.42579e-09 3.25537e-16 3.0056e-15 1.66362e-16 2.03288e-20 5.48828e-16 9.14458e-16 1.19449e-16 8.80745e-18 0 0 5.0822e-21 3.55415e-18 1.11808e-19 4.48084e-16 3.38813e-21 5.79625e-17 1.84806e-17 0 1.52466e-20 2.43945e-19 0 1.01591e-16 0 0 0 0 0 0 4.16232e-18 0 0 0 0 0
0.0388889  2426.54 6.54575e-06 0.000134991 9.24038e-05 0.00558095 0.00167977 0.0872736 0.719398 2.11612e-06 3.27664e-07 0.00933251 0.176499 1.5777e-10 6.08371e-09 3.03057e-16 2.80718e-15 1.55143e-16 1.69407e-20 5.14279e-16 8.45878e-16 1.08417e-16 8.10611e-18 0 0 0 1.55854e-19 5.0822e-21 2.06795e-17 0 7.91806e-18 1.66018e-18 0 0 8.47033e-21 0 4.64682e-18 0 0 0 0 0 0 1.25361e-19 0 0 0 0 0
0.0444444  2427.54 6.41296e-06 0.000133542 9.06956e-05 0.00551456 0.00166581 0.0872981 0.719394 2.08454e-06 3.20994e-07 0.00922921 0.176665 1.54338e-10 5.8894e-09 2.91552e-16 2.69599e-15 1.48849e-16 1.69407e-20 4.98133e-16 8.12383e-16 1.04932e-16 7.84691e-18 0 0 0 6.77626e-21 0 9.30042e-19 0 5.4244e-18 8.67362e-19 0 0 0 0 2.03288e-19 0 0 0 0 0 0 3.38813e-21 0 0 0 0 0
0.0555556  2428.38 6.30224e-06 0.000132315 8.92768e-05 0.0054589 0.00165408 0.0873182 0.719392 2.05827e-06 3.15472e-07 0.00914161 0.176804 1.51462e-10 5.72887e-09 2.82172e-16 2.60474e-15 1.43689e-16 1.52466e-20 4.85004e-16 7.85257e-16 1.02227e-16 7.64193e-18 0 0 0 0 0 4.57398e-20 0 5.15165e-18 8.06375e-19 0 0 0 0 5.0822e-21 0 0 0 0 0 0 0 0 0 0 0 0
0.0722222  2428.77 6.25008e-06 0.000131731 8.861e-05 0.00543251 0.00164854 0.0873275 0.719392 2.04589e-06 3.12882e-07 0.00909976 0.176871 1.50101e-10 5.65363e-09 2.77793e-16 2.56217e-15 1.41283e-16 1.52466e-20 4.78845e-16 7.72618e-16 1.00958e-16 7.54537e-18 0 0 0 0 0 2.71051e-20 0 5.07034e-18 7.94517e-19 0 0 0 0 0 0 0 0 0 0 0 0 0 0 0 0 0
0.0972222  2428.91 6.23202e-06 0.000131528 8.83796e-05 0.00542337 0.00164661 0.0873307 0.719392 2.0416e-06 3.11988e-07 0.00908515 0.176894 1.49628e-10 5.62763e-09 2.76282e-16 2.54749e-15 1.40455e-16 1.52466e-20 4.7671e-16 7.68255e-16 1.00517e-16 7.51149e-18 0 0 0 0 0 2.5411e-20 0 5.04154e-18 7.89435e-19 0 0 0 0 0 0 0 0 0 0 0 0 0 0 0 0 0
0.134722  2428.94 6.22758e-06 0.000131478 8.8323e-05 0.00542112 0.00164614 0.0873315 0.719392 2.04055e-06 3.11768e-07 0.00908155 0.1769 1.49511e-10 5.62124e-09 2.75911e-16 2.54388e-15 1.4025e-16 1.52466e-20 4.76185e-16 7.67183e-16 1.00409e-16 7.50302e-18 0 0 0 0 0 2.5411e-20 0 5.03476e-18 7.89435e-19 0 0 0 0 0 0 0 0 0 0 0 0 0 0 0 0 0
0.190972  2428.95 6.22682e-06 0.00013147 8.83133e-05 0.00542074 0.00164606 0.0873316 0.719392 2.04037e-06 3.11731e-07 0.00908093 0.176901 1.49491e-10 5.62014e-09 2.75846e-16 2.54326e-15 1.40216e-16 1.52466e-20 4.76095e-16 7.67e-16 1.0039e-16 7.50132e-18 0 0 0 0 0 2.5411e-20 0 5.03307e-18 7.89435e-19 0 0 0 0 0 0 0 0 0 0 0 0 0 0 0 0 0
0.275347  2428.95 6.22673e-06 0.000131469 8.83122e-05 0.0054207 0.00164605 0.0873316 0.719392 2.04035e-06 3.11727e-07 0.00908086 0.176901 1.49489e-10 5.62002e-09 2.7584e-16 2.54319e-15 1.40211e-16 1.52466e-20 4.76085e-16 7.66978e-16 1.00389e-16 7.50132e-18 0 0 0 0 0 2.5411e-20 0 5.03307e-18 7.89435e-19 0 0 0 0 0 0 0 0 0 0 0 0 0 0 0 0 0
0.40191  2428.95 6.22673e-06 0.000131469 8.83122e-05 0.0054207 0.00164605 0.0873316 0.719392 2.04035e-06 3.11727e-07 0.00908086 0.176901 1.49489e-10 5.62002e-09 2.7584e-16 2.54319e-15 1.40211e-16 1.52466e-20 4.76085e-16 7.66978e-16 1.00389e-16 7.50132e-18 0 0 0 0 0 2.5411e-20 0 5.03307e-18 7.89435e-19 0 0 0 0 0 0 0 0 0 0 0 0 0 0 0 0 0
0.591753  2428.95 6.22673e-06 0.000131469 8.83122e-05 0.0054207 0.00164605 0.0873316 0.719392 2.04035e-06 3.11727e-07 0.00908086 0.176901 1.49489e-10 5.62002e-09 2.7584e-16 2.54319e-15 1.40211e-16 1.52466e-20 4.76085e-16 7.66978e-16 1.00389e-16 7.50132e-18 0 0 0 0 0 2.5411e-20 0 5.03307e-18 7.89435e-19 0 0 0 0 0 0 0 0 0 0 0 0 0 0 0 0 0
