TITLE="Graphics"
VARIABLES= "x", "T", "Y_H", "Y_H2", "Y_O", "Y_O2", "Y_OH", "Y_H2O", "Y_N2", "Y_HO2", "Y_H2O2", "Y_CO", "Y_CO2", "Y_CH2O", "Y_HCO", "Y_CH3OH", "Y_CH2OH", "Y_CH3O", "Y_CH3O2", "Y_CH4", "Y_CH3", "Y_CH2", "Y_CH2(S)", "Y_C2H6", "Y_C2H5O2", "Y_C2H5", "Y_C2H4", "Y_C2H3", "Y_C2H2", "Y_CH2CHO", "Y_CH2CO", "Y_HCCO", "Y_NC3H7", "Y_C3H6", "Y_C3H5-A", "Y_C3H5O", "Y_C3H4-A", "Y_NC3H7O2", "Y_C2H3CHO", "Y_NC7H16", "Y_C7H15", "Y_C7H15O2", "Y_C7H14OOH", "Y_C7H14", "Y_C7H14OOHO2", "Y_NC7KET", "Y_C7H14O", "Y_NC3H7CHO", "Y_NC3H7CO"
-1.83192  500 0 0 0 0.218435 0 0 0.719386 0 0 0 0 0 0 0 0 0 0 0 0 0 0 0 0 0 0 0 0 0 0 0 0 0 0 0 0 0 0 0.0621786 0 0 0 0 0 0 0 0 0
-1.29131  500 0 0 0 0.218435 7.45389e-20 2.54838e-14 0.719386 3.97223e-15 3.14534e-16 0 0 0 0 0 0 0 3.112e-18 0 0 0 0 0 0 0 0 0 1.69407e-21 0 2.78166e-18 0 0 0 0 0 0 0 0 0.0621786 6.77626e-21 8.55915e-15 1.20279e-19 4.52417e-17 1.18683e-14 2.06581e-13 1.22515e-17 4.77049e-18 0
-0.930904  500 0 0 0 0.218435 1.28749e-19 5.44514e-14 0.719386 6.49022e-15 6.54077e-16 0 0 0 0 0 0 0 7.54537e-18 0 0 0 0 0 0 0 0 0 1.69407e-21 0 6.74408e-18 0 0 0 0 0 0 0 0 0.0621786 1.01644e-20 1.43288e-14 2.03288e-19 9.57283e-17 2.02445e-14 4.4147e-13 2.59243e-17 1.15654e-17 0
-0.690633  500 0 0 0 0.218435 1.64324e-19 7.92111e-14 0.719386 8.11432e-15 9.35638e-16 0 0 0 0 0 0 0 1.18449e-17 0 0 0 0 0 0 0 0 0 1.69407e-21 0 1.05862e-17 0 0 0 0 0 0 0 0 0.0621786 1.35525e-20 1.82586e-14 2.57498e-19 1.38614e-16 2.59588e-14 6.42255e-13 3.75405e-17 1.81536e-17 0
-0.530452  500 0 0 0 0.218435 1.89735e-19 9.8174e-14 0.719386 9.17391e-15 1.14708e-15 0 0 0 0 0 0 0 1.53957e-17 0 0 0 0 0 0 0 0 0 1.69407e-21 0 1.37592e-17 0 0 0 0 0 0 0 0 0.0621786 1.52466e-20 2.09159e-14 2.94767e-19 1.71367e-16 2.98235e-14 7.96037e-13 4.64089e-17 2.35983e-17 0
-0.423665  500 0 0 0 0.218435 2.04982e-19 1.11918e-13 0.719386 9.87032e-15 1.29836e-15 0 0 0 0 0 0 0 1.8096e-17 0 0 0 0 0 0 0 0 0 1.69407e-21 0 1.61732e-17 0 0 0 0 0 0 0 0 0.0621786 1.69407e-20 2.2704e-14 3.20178e-19 1.95067e-16 3.24241e-14 9.07497e-13 5.28278e-17 2.77352e-17 0
-0.352474  500 0 1.69407e-20 0 0.218435 2.1684e-19 1.21573e-13 0.719386 1.03303e-14 1.40373e-15 0 0 0 0 0 0 0 2.0051e-17 0 0 0 0 0 0 0 0 0 1.69407e-21 0 1.79198e-17 0 0 0 0 0 0 0 0 0.0621786 1.69407e-20 2.39033e-14 3.37119e-19 2.11702e-16 3.41685e-14 9.85801e-13 5.7334e-17 3.0732e-17 0
-0.305013  500 0 3.28649e-19 0 0.218435 2.23617e-19 1.28231e-13 0.719386 1.0635e-14 1.47598e-15 0 0 0 0 0 0 0 2.14249e-17 0 0 0 0 0 0 0 0 0 1.69407e-21 0 1.9148e-17 0 0 0 0 0 0 0 0 0.0621786 1.69407e-20 2.4706e-14 3.48978e-19 2.23164e-16 3.53361e-14 1.03979e-12 6.04375e-17 3.28395e-17 0
-0.257552  500 0 7.69614e-18 0 0.218435 2.32087e-19 1.35109e-13 0.719386 1.09378e-14 1.5502e-15 0 0 0 0 0 0 0 2.28733e-17 0 0 0 0 0 0 0 0 0 1.69407e-21 0 2.04423e-17 0 0 0 0 0 0 0 0 0.0621786 1.86347e-20 2.55119e-14 3.60836e-19 2.35001e-16 3.65084e-14 1.09557e-12 6.36444e-17 3.50604e-17 0
-0.194271  500 0 2.76461e-16 0 0.218435 2.40557e-19 1.44674e-13 0.719386 1.13383e-14 1.65262e-15 0 0 0 0 0 0 0 2.49417e-17 0 0 0 0 0 0 0 0 0 1.69407e-21 0 2.22905e-17 0 0 0 0 0 0 0 0 0.0621786 1.86347e-20 2.65921e-14 3.76083e-19 2.51452e-16 3.80797e-14 1.17314e-12 6.80981e-17 3.823e-17 0
-0.152083  500 0 4.95352e-15 0 0.218435 2.47334e-19 1.51226e-13 0.719386 1.16038e-14 1.72242e-15 0 0 0 0 0 0 0 2.63817e-17 0 0 0 0 0 0 0 0 0 1.69407e-21 0 2.3578e-17 0 0 0 0 0 0 0 0 0.0621786 2.03288e-20 2.73148e-14 3.86247e-19 2.62716e-16 3.91309e-14 1.22628e-12 7.11491e-17 4.04374e-17 0
-0.123958  500 0 6.02531e-14 0 0.218435 2.52416e-19 1.55673e-13 0.719386 1.17802e-14 1.76963e-15 0 0 0 0 0 0 0 2.7371e-17 0 0 0 0 0 0 0 0 0 1.69407e-21 0 2.44623e-17 0 0 0 0 0 0 0 0 0.0621786 2.03288e-20 2.77976e-14 3.93023e-19 2.70358e-16 3.98332e-14 1.26234e-12 7.32192e-17 4.19535e-17 0
-0.105208  500 0 5.08434e-13 0 0.218435 2.55804e-19 1.58673e-13 0.719386 1.18975e-14 1.80141e-15 0 0 0 0 0 0 0 2.80436e-17 0 0 0 0 0 0 0 0 0 1.69407e-21 0 2.50637e-17 0 0 0 0 0 0 0 0 0.0621786 2.03288e-20 2.812e-14 3.98105e-19 2.75513e-16 4.03022e-14 1.28667e-12 7.46151e-17 4.29835e-17 0
-0.0864583  500 0 4.95687e-12 0 0.218435 2.59192e-19 1.6171e-13 0.719386 1.20146e-14 1.83348e-15 3.21873e-20 0 0 0 0 0 0 2.8728e-17 5.0822e-21 0 0 0 0 0 0 1.69407e-21 0 1.69407e-21 0 2.56753e-17 0 0 0 0 0 0 0 0 0.0621786 2.03288e-20 2.84429e-14 4.01494e-19 2.80725e-16 4.07719e-14 1.31127e-12 7.6028e-17 4.40339e-17 0
-0.0614583  500 0 7.26508e-11 0 0.218435 2.6258e-19 1.65932e-13 0.719386 1.21701e-14 1.87681e-15 1.71101e-18 8.47033e-21 0 0 0 0 0 2.96648e-17 2.47334e-19 0 0 0 0 0 0 1.13502e-19 0 8.47033e-21 0 2.65121e-17 0 0 0 0 0 0 0 0 0.0621786 2.03288e-20 2.88743e-14 4.0827e-19 2.87783e-16 4.13994e-14 1.34459e-12 7.79389e-17 4.54687e-17 0
-0.053125  500 0 2.74239e-10 0 0.218435 2.64274e-19 1.68293e-13 0.719386 1.22222e-14 1.89172e-15 1.88871e-17 1.25361e-19 1.01644e-20 0 1.69407e-21 0 0 2.99799e-17 2.49366e-18 0 0 0 0 0 0 1.31798e-18 0 8.30092e-20 0 2.67933e-17 0 0 1.69407e-21 0 0 0 0 0 0.0621786 2.03288e-20 2.90182e-14 4.09964e-19 2.90146e-16 4.16087e-14 1.35575e-12 7.85792e-17 4.59515e-17 0
-0.0447917  500 0 1.27551e-09 0 0.218435 2.64274e-19 1.82882e-13 0.719386 1.22772e-14 1.91293e-15 2.91095e-16 2.45809e-18 1.84653e-19 0 3.04932e-20 0 0 3.02984e-17 3.50011e-17 0 0 0 6.77626e-21 0 0 2.15688e-17 0 1.4264e-18 0 2.70796e-17 0 0 1.86347e-20 0 0 0 0 0 0.0621786 2.03288e-20 2.91622e-14 4.11658e-19 2.92521e-16 4.18182e-14 1.36697e-12 7.92213e-17 4.64377e-17 0
-0.0392361  500 0 4.14965e-09 0 0.218435 2.65968e-19 2.83663e-13 0.719386 1.23415e-14 1.98233e-15 2.71806e-15 2.85603e-17 2.0854e-18 0 3.5406e-19 0 0 3.05372e-17 2.99889e-16 0 0 0 7.28448e-20 0 0 2.12914e-16 0 1.47909e-17 0 2.73134e-17 0 0 2.38863e-19 0 0 5.0822e-21 0 0 0.0621786 2.03288e-20 2.92583e-14 4.13352e-19 2.9411e-16 4.19579e-14 1.37447e-12 7.96516e-17 4.6763e-17 0
-0.0336806  500 0 1.46247e-08 0 0.218435 2.67662e-19 1.21063e-12 0.719386 1.27006e-14 2.64521e-15 2.91694e-14 3.84355e-16 2.73134e-17 0 4.73153e-18 0 0 3.1142e-17 2.94293e-15 0 0 0 1.05201e-18 0 0 2.42072e-15 0 1.77145e-16 0 2.81689e-17 0 0 3.60667e-18 3.38813e-21 0 8.63974e-20 0 1.69407e-21 0.0621786 2.03288e-20 2.93555e-14 4.15046e-19 2.95704e-16 4.2098e-14 1.382e-12 8.00836e-17 4.70916e-17 0
-0.028125  500 0 5.28023e-08 0 0.218435 2.67662e-19 9.79937e-12 0.719386 1.62679e-14 9.80286e-15 3.17461e-13 5.23411e-15 3.62142e-16 0 6.39561e-17 0 0 3.70729e-17 2.93152e-14 0 0 0 1.52398e-17 1.35525e-20 0 2.78953e-14 0 2.1494e-15 1.69407e-21 3.85671e-17 0 0 5.49928e-17 4.06576e-20 0 1.36711e-18 0 2.20229e-20 0.0621786 2.03288e-20 2.94626e-14 4.1674e-19 2.97305e-16 4.22411e-14 1.38956e-12 8.05173e-17 4.7422e-17 0
-0.0253472  500 0 1.09753e-07 0 0.218435 2.67662e-19 4.07388e-11 0.719386 3.11468e-14 4.00365e-14 1.53178e-12 3.06301e-14 2.07042e-15 0 3.71786e-16 0 0 6.9272e-17 1.3129e-13 0 0 0 9.41325e-17 9.65618e-20 0 1.41305e-13 0 1.13804e-14 1.35525e-20 9.87945e-17 0 0 3.55449e-16 2.67662e-19 0 9.10052e-18 0 1.79571e-19 0.0621786 2.20229e-20 2.95427e-14 4.1674e-19 2.98108e-16 4.2318e-14 1.39334e-12 8.07341e-17 4.75982e-17 0
-0.0225694  500 0 2.42009e-07 0 0.218435 2.69356e-19 1.99669e-10 0.719386 1.19452e-13 2.20596e-13 8.75634e-12 2.16412e-13 1.42606e-14 0 2.6078e-15 0 0 3.2036e-16 6.91031e-13 0 0 0 7.05355e-16 9.21572e-19 0 8.52295e-13 0 7.20641e-14 1.71101e-19 5.91292e-16 0 0 2.79801e-15 2.13961e-18 0 7.39392e-17 1.69407e-21 1.87533e-18 0.0621786 2.20229e-20 2.9776e-14 4.20128e-19 2.9893e-16 4.24257e-14 1.39714e-12 8.09543e-17 4.78879e-17 0
-0.0197917  500 0 5.49149e-07 0 0.218435 2.71051e-19 1.01607e-09 0.719386 6.43949e-13 1.29905e-12 5.17388e-11 1.57548e-12 1.01249e-13 0 1.88497e-14 0 0 2.28327e-15 3.76345e-12 0 0 0 5.44079e-15 8.93789e-18 0 5.30964e-12 0 4.70994e-13 2.11589e-18 4.62351e-15 0 0 2.26547e-14 1.76149e-17 0 6.1756e-16 1.01644e-20 2.0051e-17 0.0621786 2.71051e-20 3.08936e-14 4.37069e-19 2.99931e-16 4.2704e-14 1.40096e-12 8.11898e-17 4.94701e-17 0
-0.0170139  500 0 1.26243e-06 0 0.218435 2.81215e-19 5.20985e-09 0.719385 3.75966e-12 7.74061e-12 3.07463e-10 1.15176e-11 7.2199e-13 0 1.36827e-13 0 0 1.76335e-14 2.06281e-11 0 0 0 4.21286e-14 8.69733e-17 0 3.32536e-11 0 3.09352e-12 2.61293e-17 3.76416e-14 0 0 1.84079e-13 1.45525e-16 0 5.1754e-15 1.23667e-19 2.14921e-16 0.0621787 5.42101e-20 3.67756e-14 5.20078e-19 3.03156e-16 4.38169e-14 1.4049e-12 8.15405e-17 6.57298e-17 0
-0.015625  500 0 1.97276e-06 0 0.218435 3.04932e-19 1.38127e-08 0.719384 1.109e-11 2.29741e-11 9.09965e-10 4.00344e-11 2.46066e-12 0 4.72934e-13 0 0 6.45699e-14 5.745e-11 0 0 0 1.53304e-13 3.81605e-16 0 1.02442e-10 0 9.88647e-12 1.4034e-16 1.4316e-13 0 0 6.96369e-13 5.57986e-16 0 2.00754e-14 6.2511e-19 1.02276e-15 0.0621788 1.16891e-19 4.70012e-14 6.64074e-19 3.16292e-16 4.53113e-14 1.40696e-12 8.21537e-17 1.36442e-16 0
-0.0142361  500 0 3.15275e-06 0 0.218435 4.18434e-19 4.02104e-08 0.719383 3.65255e-11 7.60891e-11 3.00352e-09 1.58599e-10 9.53348e-12 0 1.86169e-12 0 0 2.71572e-13 1.7692e-10 1.69407e-21 0 0 6.3956e-13 1.96301e-15 0 3.53915e-10 0 3.56112e-11 8.00121e-16 6.27948e-13 0 0 3.03484e-12 2.46883e-15 0 8.99879e-14 3.7388e-18 5.7573e-15 0.062179 3.37119e-19 8.18423e-14 1.15705e-18 4.15664e-16 4.99294e-14 1.40931e-12 8.59976e-17 5.73345e-16 0
-0.0128472  500 0 5.11294e-06 0 0.218434 9.97805e-19 1.21211e-07 0.719381 1.24784e-10 2.61287e-10 1.02782e-08 6.51559e-10 3.83053e-11 0 7.59992e-12 0 0 1.18451e-12 5.64547e-10 5.0822e-21 0 0 2.76633e-12 1.04511e-14 0 1.26793e-09 0 1.3303e-10 4.60154e-15 2.85525e-12 0 0 1.37094e-11 1.13214e-14 3.38813e-21 4.18027e-13 2.31071e-17 3.3505e-14 0.0621792 1.11978e-18 2.03131e-13 2.86975e-18 1.19305e-15 6.52926e-14 1.41261e-12 1.15808e-16 3.27508e-15 0
-0.0114583  500.001 0 8.36927e-06 0 0.218434 4.10811e-18 3.69763e-07 0.719378 4.31032e-10 9.07033e-10 3.55562e-08 2.70116e-09 1.55347e-10 0 3.13098e-11 0 3.38813e-21 5.21087e-12 1.82223e-09 2.5411e-20 0 0 1.20684e-11 5.60101e-14 0 4.59005e-09 0 5.01958e-10 2.64956e-14 1.30883e-11 0 0 6.24362e-11 5.23336e-14 5.42101e-20 1.95723e-12 1.4355e-16 1.96126e-13 0.0621797 3.91499e-18 6.24432e-13 8.821e-18 7.3153e-15 1.16402e-13 1.41891e-12 3.58644e-16 1.99843e-14 0
-0.0100694  500.003 1.69407e-21 1.37789e-05 0 0.218433 2.13232e-17 1.13246e-06 0.719372 1.4937e-09 3.15863e-09 1.23393e-07 1.12229e-08 6.31466e-10 0 1.29278e-10 0 6.60686e-20 2.29685e-11 5.90297e-09 1.11808e-19 0 0 5.27538e-11 3.00549e-13 0 1.6665e-08 0 1.89911e-09 1.52586e-13 6.01032e-11 0 0 2.84863e-10 2.42337e-13 8.40257e-19 9.17939e-12 8.92581e-16 1.14919e-12 0.0621804 1.4098e-17 2.03455e-12 2.87449e-17 5.56216e-14 2.74369e-13 1.43388e-12 2.3645e-15 1.23326e-13 0
-0.009375  500.007 5.0822e-21 1.78253e-05 3.38813e-21 0.218432 5.9892e-17 2.10545e-06 0.719367 3.00937e-09 6.38417e-09 2.48832e-07 2.5575e-08 1.41728e-09 0 2.93324e-10 0 4.30293e-19 5.45578e-11 1.13783e-08 2.74439e-19 0 0 1.24571e-10 8.23367e-13 1.69407e-21 3.46327e-08 0 4.05791e-09 4.40652e-13 1.46982e-10 0 0 6.93416e-10 5.96195e-13 4.47742e-18 2.279e-11 2.73317e-15 3.3629e-12 0.062181 2.96834e-17 3.73402e-12 5.27617e-17 2.04694e-13 4.35728e-13 1.44946e-12 8.86004e-15 3.75924e-13 0
-0.00868056  500.014 3.04932e-20 2.32097e-05 2.71051e-20 0.21843 1.83554e-16 4.0848e-06 0.71936 6.39686e-09 1.36205e-08 5.29494e-07 6.25874e-08 3.4085e-09 0 7.14266e-10 0 2.92226e-18 1.40014e-10 2.29989e-08 7.60636e-19 0 0 3.17539e-10 2.48803e-12 3.38813e-21 7.62706e-08 0 9.22512e-09 1.35339e-12 3.90001e-10 0 0 1.83017e-09 1.59284e-12 2.57922e-17 6.1527e-11 9.37723e-15 1.09566e-11 0.0621817 6.73611e-17 7.58398e-12 1.0719e-16 8.67962e-13 7.66394e-13 1.48833e-12 3.91343e-14 1.28335e-12 0
-0.00833333  500.021 7.96211e-20 2.65697e-05 8.47033e-20 0.218429 3.48563e-16 5.84221e-06 0.719355 9.65952e-09 2.0613e-08 8.00066e-07 1.03008e-07 5.54952e-09 1.69407e-21 1.17193e-09 0 9.51049e-18 2.37391e-10 3.37002e-08 1.39591e-18 0 0 5.36094e-10 4.68396e-12 6.77626e-21 1.17659e-07 1.69407e-21 1.4509e-08 2.54818e-12 6.75292e-10 0 0 3.15836e-09 2.77011e-12 7.22231e-17 1.07712e-10 1.92026e-14 2.1674e-11 0.0621822 1.07138e-16 1.12929e-11 1.59652e-16 2.05761e-12 1.06061e-12 1.54039e-12 9.58568e-14 2.61919e-12 0
-0.00798611  500.033 2.18535e-19 3.04853e-05 2.6258e-19 0.218427 6.92295e-16 8.50845e-06 0.719349 1.49369e-08 3.19528e-08 1.23805e-06 1.75338e-07 9.33262e-09 5.0822e-21 1.98794e-09 0 3.15825e-17 4.17795e-10 5.04067e-08 2.7969e-18 0 0 9.38989e-10 9.27828e-12 1.35525e-20 1.8631e-07 3.38813e-21 2.34745e-08 4.97283e-12 1.21694e-09 0 0 5.6702e-09 5.01671e-12 2.13523e-16 1.96528e-10 4.18507e-14 4.54142e-11 0.0621828 1.77328e-16 1.81005e-11 2.56002e-16 5.29923e-12 1.59221e-12 1.67293e-12 2.56493e-13 5.6865e-12 0
-0.00763889  500.053 6.1664e-19 3.50485e-05 8.23316e-19 0.218425 1.41757e-15 1.25535e-05 0.719341 2.34734e-08 5.03427e-08 1.94701e-06 3.04767e-07 1.60171e-08 1.35525e-20 3.44285e-09 0 1.07697e-16 7.52024e-10 7.64886e-08 6.14777e-18 0 0 1.6817e-09 1.88911e-11 3.04932e-20 3.00178e-07 8.47033e-21 3.86868e-08 9.88155e-12 2.2453e-09 0 0 1.04205e-08 9.30402e-12 6.54926e-16 3.6732e-10 9.40597e-14 9.80004e-11 0.0621835 3.03787e-16 3.12901e-11 4.42851e-16 1.41321e-11 2.64086e-12 2.03515e-12 7.1142e-13 1.27294e-11 0
-0.00729167  500.085 1.78385e-18 4.03662e-05 2.61225e-18 0.218421 2.97593e-15 1.86903e-05 0.719332 3.72821e-08 8.01649e-08 3.09461e-06 5.36365e-07 2.78279e-08 4.40457e-20 6.03685e-09 0 3.73055e-16 1.37124e-09 1.17206e-07 1.49196e-17 0 0 3.0508e-09 3.90068e-11 6.77626e-20 4.89045e-07 2.5411e-20 6.44978e-08 1.98081e-11 4.19765e-09 0 0 1.94039e-08 1.7486e-11 2.05558e-15 6.95747e-10 2.14426e-13 2.14479e-10 0.0621844 5.37812e-16 5.83217e-11 8.26342e-16 3.81992e-11 4.88145e-12 3.06335e-12 1.99978e-12 2.89001e-11 0
-0.00694444  500.137 5.24144e-18 4.65633e-05 8.3348e-18 0.218414 6.40762e-15 2.80002e-05 0.719319 5.96202e-08 1.28524e-07 4.95216e-06 9.50768e-07 4.86956e-08 1.42302e-19 1.06616e-08 0 1.30276e-15 2.51847e-09 1.80772e-07 3.98258e-17 0 0 5.57452e-09 8.11081e-11 1.59242e-19 8.02298e-07 8.30092e-20 1.08291e-07 3.9871e-11 7.90409e-09 1.69407e-21 1.69407e-21 3.63919e-08 3.31014e-11 6.5455e-15 1.32727e-09 4.9198e-13 4.72464e-10 0.0621854 9.86221e-16 1.16931e-10 1.65972e-15 1.03772e-10 1.00068e-11 6.04038e-12 5.64825e-12 6.60271e-11 0
-0.00659722  500.221 1.55261e-17 5.3785e-05 2.66798e-17 0.218404 1.42043e-14 4.21231e-05 0.719301 9.57591e-08 2.06938e-07 7.95875e-06 1.69222e-06 8.55623e-08 4.55704e-19 1.89063e-08 1.69407e-21 4.56616e-15 4.64398e-09 2.8e-07 1.15239e-16 0 0 1.02263e-08 1.69251e-10 3.998e-19 1.32183e-06 2.69356e-19 1.82589e-07 8.04098e-11 1.49401e-08 3.38813e-21 1.69407e-21 6.8515e-08 6.29064e-11 2.10342e-14 2.54155e-09 1.13218e-12 1.04382e-09 0.0621868 1.8842e-15 2.50886e-10 3.57139e-15 2.82416e-10 2.23897e-11 1.47514e-11 1.59794e-11 1.51261e-10 3.38813e-21
-0.00625  500.36 4.62311e-17 6.22005e-05 8.5486e-17 0.218388 3.25894e-14 6.35452e-05 0.719278 1.54232e-07 3.34065e-07 1.28247e-05 3.01872e-06 1.50687e-07 1.48061e-18 3.36031e-08 1.01644e-20 1.60204e-14 8.58209e-09 4.3489e-07 3.54002e-16 0 0 1.87997e-08 3.53874e-10 1.09267e-18 2.1834e-06 8.80914e-19 3.08629e-07 1.62308e-10 2.82951e-08 1.52466e-20 5.0822e-21 1.29251e-07 1.19804e-10 6.79768e-14 4.87606e-09 2.60955e-12 2.309e-09 0.0621885 3.78175e-15 5.71291e-10 8.17049e-15 7.69034e-10 5.35738e-11 4.03899e-11 4.52291e-11 3.46912e-10 1.86347e-20
-0.00590278  500.584 1.38105e-16 7.20063e-05 2.73795e-16 0.218363 7.77644e-14 9.60334e-05 0.719246 2.4886e-07 5.40127e-07 2.0699e-05 5.39147e-06 2.65706e-07 4.86028e-18 5.97962e-08 4.23516e-20 5.6159e-14 1.58788e-08 6.76629e-07 1.13175e-15 0 0 3.45982e-08 7.40882e-10 3.23905e-18 3.61196e-06 2.89855e-18 5.22414e-07 3.27741e-10 5.36397e-08 7.11508e-20 1.52466e-20 2.44066e-07 2.28452e-10 2.20312e-13 9.36347e-09 6.02144e-12 5.10992e-09 0.0621907 8.04457e-15 1.36562e-09 1.96794e-14 2.09425e-09 1.34504e-10 1.16102e-10 1.28022e-10 7.95921e-10 1.01644e-19
-0.00555556  500.951 4.13413e-16 8.34309e-05 8.75575e-16 0.218323 1.93538e-13 0.000145291 0.719201 4.02041e-07 8.74011e-07 3.34383e-05 9.63455e-06 4.68782e-07 1.61343e-17 1.06465e-07 1.94818e-19 1.96384e-13 2.93988e-08 1.05383e-06 3.70954e-15 0 0 6.37023e-08 1.55313e-09 1.0349e-17 5.98005e-06 9.63246e-18 8.8493e-07 6.61854e-10 1.01723e-07 3.40507e-19 4.23516e-20 4.61047e-07 4.3602e-10 7.14091e-13 1.79866e-08 1.39106e-11 1.13084e-08 0.0621935 1.82549e-14 3.38615e-09 4.93989e-14 5.70184e-09 3.49018e-10 3.40104e-10 3.62278e-10 1.82602e-09 5.79371e-19
-0.00520833  501.547 1.23943e-15 9.67383e-05 2.79362e-15 0.218258 5.02217e-13 0.000219938 0.719139 6.50125e-07 1.41469e-06 5.40405e-05 1.72188e-05 8.2714e-07 5.42999e-17 1.89575e-07 9.36818e-19 6.83933e-13 5.44509e-08 1.64219e-06 1.23443e-14 1.69407e-21 0 1.17294e-07 3.2612e-09 3.50384e-17 9.90389e-06 3.23736e-17 1.49938e-06 1.33648e-09 1.92898e-07 1.6856e-18 1.47384e-19 8.70907e-07 8.32911e-10 2.30709e-12 3.4549e-08 3.2188e-11 2.50172e-08 0.0621973 4.4255e-14 8.61016e-09 1.28131e-13 1.55167e-08 9.2583e-10 1.0034e-09 1.02467e-09 4.18788e-09 3.42879e-18
-0.00486111  502.516 3.7208e-15 0.000112233 8.89066e-15 0.218154 1.35389e-12 0.000332976 0.719051 1.0522e-06 2.28938e-06 8.73374e-05 3.0765e-05 1.45897e-06 1.86174e-16 3.37463e-07 4.68748e-18 2.36739e-12 1.00872e-07 2.55932e-06 4.1467e-14 8.47033e-21 0 2.159e-07 6.86426e-09 1.23638e-16 1.6401e-05 1.10433e-16 2.54011e-06 2.69818e-09 3.65645e-07 8.65668e-18 6.26804e-19 1.64449e-06 1.59296e-09 7.39733e-12 6.63346e-08 7.46634e-11 5.53067e-08 0.0622024 1.14114e-13 2.22264e-08 3.41548e-13 4.21927e-08 2.49119e-09 2.96744e-09 2.89579e-09 9.59826e-09 2.08794e-17
-0.00451389  504.089 1.11863e-14 0.000130262 2.82387e-14 0.217987 3.76844e-12 0.000503938 0.718925 1.70459e-06 3.7022e-06 0.000141095 5.49307e-05 2.57138e-06 6.55112e-16 6.00276e-07 2.42421e-17 8.12376e-12 1.86887e-07 3.98747e-06 1.40203e-13 4.91279e-20 0 3.97109e-07 1.45015e-08 4.48663e-16 2.71466e-05 3.84765e-16 4.30076e-06 5.44512e-09 6.92501e-07 4.58939e-17 3.22889e-18 3.10269e-06 3.05237e-09 2.33987e-11 1.27256e-07 1.73851e-10 1.22125e-07 0.0622091 3.10264e-13 5.77502e-08 9.34467e-13 1.1458e-07 6.76004e-09 8.77671e-09 8.17257e-09 2.19735e-08 1.29501e-16
-0.00416667  506.636 3.36965e-14 0.000151219 8.96879e-14 0.217717 1.07483e-11 0.000761983 0.718744 2.76501e-06 5.97839e-06 0.000227738 9.79562e-05 4.52546e-06 2.38978e-15 1.06634e-06 1.282e-16 2.7542e-11 3.46233e-07 6.20764e-06 4.76607e-13 2.64274e-19 0 7.29453e-07 3.08106e-08 1.65981e-15 4.48857e-05 1.38258e-15 7.27367e-06 1.09815e-08 1.30961e-06 2.49292e-16 1.87567e-17 5.84566e-06 5.868e-09 7.24169e-11 2.43775e-07 4.07194e-10 2.6915e-07 0.062218 8.8062e-13 1.49907e-07 2.6343e-12 3.105e-07 1.84057e-08 2.5917e-08 2.30144e-08 5.02111e-08 8.0553e-16
-0.00381944  510.746 1.01801e-13 0.000175535 2.85957e-13 0.217282 3.11622e-11 0.00115021 0.718484 4.49332e-06 9.6305e-06 0.000367002 0.000174319 7.94529e-06 9.14175e-15 1.89006e-06 6.85253e-16 9.18379e-11 6.4128e-07 9.64972e-06 1.62937e-12 1.46028e-18 0 1.33702e-06 6.60251e-08 6.23244e-15 7.40821e-05 5.19343e-15 1.22781e-05 2.21249e-08 2.47068e-06 1.37789e-15 1.16462e-16 1.09882e-05 1.13455e-08 2.16795e-10 4.65873e-07 9.62229e-10 5.91356e-07 0.0622288 2.58661e-12 3.86052e-07 7.72873e-12 8.38592e-07 4.99991e-08 7.62591e-08 6.45829e-08 1.14394e-07 4.92686e-15
-0.00347222  517.341 3.08999e-13 0.000203669 9.21343e-13 0.216585 9.11091e-11 0.00173131 0.718108 7.32156e-06 1.54521e-05 0.000589868 0.00030917 1.38951e-05 3.70298e-14 3.33807e-06 3.65488e-15 2.99389e-10 1.18692e-06 1.49632e-05 5.60886e-12 8.27551e-18 0 2.44209e-06 1.43264e-07 2.37518e-14 0.000121907 2.07335e-14 2.06613e-05 4.45084e-08 4.64313e-06 7.69921e-15 7.49541e-16 2.05781e-05 2.21542e-08 6.17775e-10 8.86943e-07 2.30323e-09 1.29298e-06 0.0622401 7.81815e-12 9.79233e-07 2.40039e-11 2.25276e-06 1.34454e-07 2.22972e-07 1.80229e-07 2.59388e-07 2.89047e-14
-0.003125  527.839 9.45173e-13 0.000236076 3.02924e-12 0.215474 2.66628e-10 0.00259416 0.717568 1.19763e-05 2.46373e-05 0.000944097 0.00054545 2.41507e-05 1.5947e-13 5.86225e-06 1.91644e-14 9.4669e-10 2.19333e-06 2.31102e-05 1.94802e-11 4.84537e-17 1.69407e-21 4.43605e-06 3.16226e-07 9.24426e-14 0.000199666 8.94549e-14 3.45978e-05 8.93453e-08 8.67309e-06 4.32529e-14 4.9284e-15 3.83141e-05 4.39919e-08 1.63744e-09 1.67855e-06 5.60998e-09 2.80569e-06 0.0622456 2.42866e-11 2.42655e-06 8.07946e-11 6.0013e-06 3.5351e-07 6.45088e-07 4.98613e-07 5.83816e-07 1.57792e-13
-0.00277778  544.344 2.92863e-12 0.000273154 1.02916e-11 0.213722 7.76967e-10 0.00385998 0.716798 1.96953e-05 3.8904e-05 0.00150128 0.000954542 4.15778e-05 7.27793e-13 1.02067e-05 9.71782e-14 2.87366e-09 4.03957e-06 3.54738e-05 6.84367e-11 2.97366e-16 2.71051e-20 7.99044e-06 7.13026e-07 3.74899e-13 0.000324671 4.22195e-13 5.74988e-05 1.78865e-07 1.60514e-05 2.43665e-13 3.30019e-14 7.07037e-05 8.97726e-08 3.90411e-09 3.14782e-06 1.39563e-08 6.0182e-06 0.0622272 7.80309e-11 5.81726e-06 3.02387e-10 1.57843e-05 8.89757e-07 1.83443e-06 1.36127e-06 1.29922e-06 7.74784e-13
-0.00243056  569.843 9.27194e-12 0.000315163 3.66382e-11 0.211005 2.26194e-09 0.00568463 0.715723 3.26086e-05 6.05511e-05 0.00236442 0.00165056 7.05719e-05 3.49563e-12 1.75456e-05 4.70469e-13 8.26143e-09 7.39179e-06 5.39556e-05 2.44138e-10 1.94537e-15 3.13402e-19 1.42144e-05 1.64443e-06 1.68333e-12 0.000522321 2.18522e-12 9.44968e-05 3.5713e-07 2.93028e-05 1.38578e-12 2.27813e-13 0.000128767 1.91004e-07 7.9927e-09 5.82406e-06 3.54594e-08 1.26896e-05 0.0621372 2.66194e-10 1.33345e-05 1.28044e-09 4.0737e-05 2.06352e-06 5.07186e-06 3.64421e-06 2.84327e-06 3.32711e-12
-0.00208333  608.28 3.0419e-11 0.000362131 1.38708e-10 0.206888 6.75387e-09 0.0082521 0.714274 5.43888e-05 9.2317e-05 0.00367335 0.00280626 0.000117393 1.76718e-11 2.9626e-05 2.18896e-12 2.21091e-08 1.33695e-05 8.10105e-05 8.96513e-10 1.38147e-14 4.12166e-18 2.4845e-05 3.85964e-06 1.01439e-11 0.00082772 1.23307e-11 0.000152875 7.12575e-07 5.24742e-05 8.19436e-12 1.70289e-12 0.000230195 4.30888e-07 1.3366e-08 1.05725e-05 9.12682e-08 2.61109e-05 0.0618624 1.06154e-09 2.8808e-05 6.0921e-09 0.000102362 4.09554e-06 1.33691e-05 9.48863e-06 6.07733e-06 1.25044e-11
-0.00173611  664.398 1.06147e-10 0.000413792 5.69099e-10 0.20084 2.16137e-08 0.0117556 0.71243 9.12934e-05 0.000136846 0.00560415 0.00466549 0.000190073 9.57731e-11 4.88552e-05 1.00757e-11 5.39961e-08 2.37307e-05 0.000119559 3.73647e-09 1.08839e-13 6.76796e-17 4.24236e-05 9.09432e-06 1.26911e-10 0.00128576 7.59982e-11 0.000242215 1.42921e-06 9.16089e-05 5.26416e-11 1.5856e-11 0.000401499 1.04652e-06 1.81485e-08 1.87144e-05 2.33212e-07 5.19734e-05 0.061154 6.71699e-09 5.73726e-05 3.10534e-08 0.000248188 5.97583e-06 3.22173e-05 2.38043e-05 1.25903e-05 4.27509e-11
-0.00138889  743.222 4.16008e-10 0.000469622 2.58978e-09 0.19229 7.09131e-08 0.0163699 0.710299 0.00015373 0.000195576 0.00836009 0.00754573 0.000297538 5.55224e-10 7.82719e-05 4.44343e-11 1.20031e-07 4.09508e-05 0.000172761 2.91261e-08 9.75921e-13 2.04984e-15 7.03876e-05 2.10564e-05 3.82365e-09 0.00194897 5.10163e-10 0.00037408 2.91312e-06 0.000155027 3.60177e-10 2.468e-10 0.000679353 2.76076e-06 2.19096e-08 3.21137e-05 5.70348e-07 9.91128e-05 0.0595136 9.76299e-08 9.99643e-05 1.51956e-07 0.000575425 4.8949e-06 6.40511e-05 5.69551e-05 2.50931e-05 1.30832e-10
-0.00104167  849.264 2.06181e-09 0.000529047 1.37603e-08 0.180713 2.37566e-07 0.0222292 0.708235 0.000258415 0.000266622 0.0121572 0.0118296 0.000447709 3.56791e-09 0.000121407 1.99471e-10 2.75868e-07 6.64561e-05 0.000243756 5.18477e-07 1.05939e-11 1.34816e-13 0.000113053 4.64283e-05 1.67113e-07 0.00287391 3.81305e-09 0.000561336 6.09751e-06 0.000253194 2.87531e-09 7.06153e-09 0.0011106 7.91302e-06 2.71011e-08 5.32021e-05 1.24457e-06 0.000179146 0.0560352 2.07701e-06 0.00013381 5.80416e-07 0.00126242 1.97139e-06 8.36338e-05 0.000127967 4.75236e-05 3.74544e-10
-0.000694444  985.675 1.50159e-08 0.000591778 9.25838e-08 0.165739 1.01329e-06 0.0294285 0.706995 0.000426521 0.000339301 0.0172152 0.0179553 0.00064349 2.95272e-08 0.000182183 1.2277e-09 7.62111e-07 7.79593e-05 0.000335462 7.16044e-06 1.56757e-10 8.38859e-12 0.000175591 8.48999e-05 5.48e-06 0.00411882 3.60545e-08 0.000817754 1.29398e-05 0.000395493 3.5332e-08 1.5758e-07 0.00175158 2.43653e-05 3.62102e-08 8.49733e-05 1.79763e-06 0.00030235 0.0492439 2.57432e-05 9.97538e-05 1.16172e-06 0.00254095 3.67155e-07 3.92659e-05 0.000256491 7.74719e-05 1.22142e-09
-0.000347222  1153.37 1.42263e-07 0.000657973 7.53371e-07 0.147242 5.26157e-06 0.0380439 0.707842 0.00064597 0.000376747 0.0237588 0.0264221 0.000865762 3.02923e-07 0.000264823 1.00238e-08 1.30887e-06 3.37062e-05 0.000448526 3.57436e-05 2.88723e-09 2.30032e-10 0.000262621 7.1087e-05 6.03883e-05 0.00572953 4.43563e-07 0.0011591 2.52826e-05 0.000579229 5.65215e-07 4.65091e-07 0.0026642 7.55291e-05 5.14147e-08 0.000131038 3.98405e-07 0.000464333 0.0372008 0.000134675 3.95702e-05 1.09806e-06 0.00426988 3.44686e-08 3.69167e-06 0.000404671 7.5936e-05 3.4529e-09
0  1349.86 1.3796e-06 0.000725705 6.10057e-06 0.125346 3.35701e-05 0.0480979 0.712271 0.000780817 0.000293695 0.0319728 0.0377895 0.00103514 3.02044e-06 0.000369907 1.05183e-07 1.65112e-06 1.14106e-05 0.000570777 0.000117237 5.58819e-08 5.84906e-09 0.000355542 2.41024e-05 0.000196302 0.00751295 6.0402e-06 0.00161002 3.83698e-05 0.000814853 7.62047e-06 1.37261e-06 0.00372333 0.000206072 7.43685e-08 0.00019574 1.12718e-07 0.000618758 0.0192275 0.000282914 8.78364e-06 4.99766e-07 0.00525721 1.84961e-09 1.30876e-07 0.000437823 4.56827e-05 9.20114e-09
0.000347222  1566.94 8.07159e-06 0.000771668 3.38961e-05 0.100543 0.000160133 0.0589207 0.718299 0.000669165 0.000101285 0.0413171 0.0522724 0.00098309 1.35892e-05 0.000452581 8.63693e-07 1.41245e-06 3.90181e-06 0.000637668 0.000274926 7.9655e-07 1.01798e-07 0.000316191 3.24889e-06 0.000151548 0.00744852 3.75758e-05 0.00221758 3.68678e-05 0.000976352 5.02381e-05 4.60188e-06 0.00314919 0.000362156 6.33327e-08 0.000276949 5.26732e-08 0.000645758 0.00403249 0.000125874 5.85882e-07 5.83996e-08 0.0043848 3.20837e-11 2.54527e-09 0.00029701 1.68946e-05 1.43218e-08
0.000694444  1775.78 2.57904e-05 0.000758432 0.000128769 0.0753971 0.000573958 0.0685131 0.721417 0.000437622 1.66179e-05 0.0490677 0.0690313 0.000655493 2.24364e-05 0.000359355 3.46216e-06 5.90761e-07 9.20632e-07 0.000487369 0.000295217 5.53757e-06 6.37442e-07 0.000106278 3.07765e-07 4.26053e-05 0.00388713 6.45865e-05 0.0026602 1.84839e-05 0.000694972 0.00012018 3.13007e-06 0.000987975 0.000261744 2.10855e-08 0.000297109 7.60719e-09 0.000490084 0.000245254 1.16386e-05 1.21686e-08 1.79692e-09 0.00277248 2.04172e-13 2.71043e-11 0.000133538 3.36893e-06 1.35895e-08
0.00104167  1937.26 5.03842e-05 0.000682765 0.000339617 0.0545055 0.00149087 0.0750708 0.722667 0.000223294 4.97022e-06 0.0517677 0.0867522 0.000319098 1.86898e-05 0.000161942 5.46573e-06 1.49865e-07 1.71763e-07 0.000213763 0.000162767 1.38462e-05 1.30156e-06 1.48306e-05 3.18008e-08 8.95089e-06 0.00109 3.89619e-05 0.00190188 5.81951e-06 0.000299055 0.000116894 4.81554e-07 0.000148269 9.07054e-05 3.21909e-09 0.000178754 3.87744e-10 0.000264575 5.33048e-06 3.29891e-07 1.26807e-10 2.38769e-11 0.00134373 8.48798e-16 1.96825e-13 3.92553e-05 3.63198e-07 7.65428e-09
0.00138889  2043.44 6.76896e-05 0.000582829 0.000610528 0.0401756 0.00257881 0.0784981 0.722878 0.00010353 4.96008e-06 0.0488076 0.103418 0.000118954 9.41047e-06 4.99288e-05 3.76117e-06 3.49117e-08 2.96059e-08 6.20964e-05 5.84589e-05 1.37301e-05 1.07947e-06 1.31115e-06 3.95427e-09 2.11304e-06 0.000212524 1.25985e-05 0.00082183 1.33622e-06 9.98835e-05 6.23652e-05 7.00584e-08 1.76866e-05 2.48213e-05 4.25505e-10 6.95354e-05 2.66767e-11 9.92763e-05 6.13099e-08 4.43462e-09 2.31867e-12 5.67007e-13 0.000522618 9.06833e-18 2.12113e-15 8.42316e-06 2.64317e-08 2.45235e-09
0.00173611  2112.6 7.34147e-05 0.000503166 0.000794474 0.0313265 0.0033602 0.0800874 0.722522 5.48334e-05 5.3612e-06 0.043296 0.117272 3.71201e-05 3.53623e-06 1.30373e-05 1.56924e-06 9.01639e-09 5.24756e-09 1.48724e-05 1.71286e-05 7.53562e-06 5.19388e-07 1.18938e-07 5.94677e-10 6.02565e-07 3.76767e-05 3.2155e-06 0.000274581 2.57842e-07 3.01517e-05 2.34781e-05 1.40935e-08 2.67052e-06 7.45232e-06 7.3045e-11 2.30134e-05 3.21786e-12 2.69729e-05 4.82114e-10 6.50609e-11 2.80716e-13 8.57119e-14 0.000178603 7.92823e-19 1.6321e-16 1.52821e-06 1.59337e-09 5.38968e-10
0.00208333  2161.85 7.17379e-05 0.000451271 0.000849989 0.0258828 0.00376464 0.0808904 0.722002 3.54115e-05 5.1526e-06 0.037919 0.127917 1.08151e-05 1.27249e-06 3.28025e-06 5.2094e-07 2.45905e-09 1.01874e-09 3.41323e-06 4.76949e-06 3.04328e-06 1.91861e-07 1.69791e-08 1.06078e-10 1.84063e-07 7.39227e-06 8.07822e-07 8.44809e-05 5.00725e-08 9.00812e-06 7.56635e-06 2.65806e-09 5.71763e-07 2.43717e-06 1.46925e-11 7.59354e-06 4.20953e-13 5.60381e-06 2.96163e-12 6.33213e-12 5.6322e-14 1.82348e-14 5.74447e-05 1.13502e-19 2.62529e-17 2.58116e-07 8.98995e-11 9.77711e-11
0.00243056  2199.62 6.67461e-05 0.000417457 0.000825475 0.0223553 0.00391496 0.0814106 0.721519 2.61657e-05 4.62508e-06 0.0335531 0.135842 3.1654e-06 5.4137e-07 8.48356e-07 1.60275e-07 6.93595e-10 2.20955e-10 8.16577e-07 1.35667e-06 1.06916e-06 6.37043e-08 3.70673e-09 2.16853e-11 5.62021e-08 1.74439e-06 2.13628e-07 2.60499e-05 1.08775e-08 2.78834e-06 2.34401e-06 4.64099e-10 1.48091e-07 8.11296e-07 3.18501e-12 2.62371e-06 5.5837e-14 9.30495e-07 1.89367e-14 1.36188e-12 1.28748e-14 4.11121e-15 1.80828e-05 1.86347e-20 4.87552e-18 4.27153e-08 5.10973e-12 1.63538e-11
0.00277778  2229.76 6.07512e-05 0.000392965 0.00076771 0.0199136 0.00392523 0.081838 0.72113 2.08006e-05 4.03889e-06 0.0301907 0.141736 9.62841e-07 2.98758e-07 2.31601e-07 4.91256e-08 2.03757e-10 5.32785e-11 2.11865e-07 4.04354e-07 3.56962e-07 2.05498e-08 9.66161e-10 4.90898e-12 1.70782e-08 4.83077e-07 5.97977e-08 8.32717e-06 2.66297e-09 9.07271e-07 7.37487e-07 7.8744e-11 4.14379e-08 2.69379e-07 7.49472e-13 9.48397e-07 7.64263e-15 1.28002e-07 9.06651e-16 3.27566e-13 3.17611e-15 9.78843e-16 5.68564e-06 3.38813e-21 9.99499e-19 7.10464e-09 3.13452e-13 2.67025e-12
0.003125  2254.39 5.48349e-05 0.000373084 0.000701642 0.0181194 0.0038649 0.0822315 0.720832 1.72378e-05 3.50426e-06 0.0276094 0.146186 3.07787e-07 2.02853e-07 6.71846e-08 1.5456e-08 6.26432e-11 1.40876e-11 6.0226e-08 1.26859e-07 1.18545e-07 6.68293e-09 2.69074e-10 1.19889e-12 5.21339e-09 1.47998e-07 1.76212e-08 2.78755e-06 7.1348e-10 3.10369e-07 2.4072e-07 1.3386e-11 1.20575e-08 8.93232e-08 1.91997e-13 3.54402e-07 1.0924e-15 1.50359e-08 1.89671e-16 8.3589e-14 8.27028e-16 2.46524e-16 1.80407e-06 0 2.23617e-19 1.20235e-09 2.30044e-14 4.3767e-13
0.00347222  2274.83 4.94288e-05 0.000355733 0.000637885 0.0167359 0.00377157 0.0826038 0.720605 1.46776e-05 3.04987e-06 0.0255956 0.149625 1.03623e-07 1.54605e-07 2.06609e-08 5.04186e-09 2.01457e-11 4.02542e-12 1.86329e-08 4.17678e-08 4.00481e-08 2.22788e-09 7.7827e-11 3.10378e-13 1.61075e-09 4.80728e-08 5.41952e-09 9.76793e-07 2.0386e-10 1.11093e-07 8.19324e-08 2.31911e-12 3.60958e-09 2.97195e-08 5.25395e-14 1.35606e-07 1.63928e-16 1.54924e-09 4.55416e-17 2.23607e-14 2.24984e-16 6.54892e-17 5.80575e-07 0 5.42101e-20 2.08211e-10 2.27552e-15 7.29829e-14
0.00381944  2292.05 4.46573e-05 0.000340073 0.000580183 0.0156284 0.00366493 0.0829543 0.720431 1.27481e-05 2.67328e-06 0.0239884 0.152352 3.68213e-08 1.24879e-07 6.698e-09 1.70794e-09 6.75719e-12 1.22745e-12 6.19178e-09 1.436e-08 1.38982e-08 7.66156e-10 2.32099e-11 8.42098e-14 5.05792e-10 1.61994e-08 1.72389e-09 3.56651e-07 6.11532e-11 4.13581e-08 2.90262e-08 4.13817e-13 1.10796e-09 9.96011e-09 1.50438e-14 5.28282e-08 2.59006e-17 1.44078e-10 1.15637e-17 6.23013e-15 6.35783e-17 1.82485e-17 1.8992e-07 0 1.35525e-20 3.69787e-11 3.08418e-16 1.24579e-14
0.00416667  2306.72 4.05116e-05 0.000325772 0.000529351 0.0147157 0.00355523 0.0832804 0.720296 1.12472e-05 2.36305e-06 0.022675 0.154568 1.39363e-08 1.04123e-07 2.27493e-09 5.99809e-10 2.35612e-12 3.95402e-13 2.18058e-09 5.13005e-09 4.96969e-09 2.72096e-10 7.11579e-12 2.37635e-14 1.61726e-10 5.60704e-09 5.63453e-10 1.34943e-07 1.90942e-11 1.59224e-08 1.06589e-08 7.66683e-14 3.48142e-10 3.37075e-09 4.45192e-15 2.08894e-08 4.31987e-18 1.26649e-11 3.07812e-18 1.79986e-15 1.85907e-17 5.30073e-18 6.32013e-08 0 3.38813e-21 6.73921e-12 5.14657e-17 2.18227e-15
0.00451389  2319.36 3.69318e-05 0.000312677 0.000485054 0.0139465 0.00344772 0.0835809 0.720189 1.00523e-05 2.10691e-06 0.021578 0.156411 5.75096e-09 8.86028e-08 8.04895e-10 2.17802e-10 8.51861e-13 1.33511e-13 8.04958e-10 1.8963e-09 1.83062e-09 9.96731e-11 2.23809e-12 6.93864e-15 5.26868e-11 1.98436e-09 1.88569e-10 5.2645e-08 6.17537e-12 6.30829e-09 4.0395e-09 1.48639e-14 1.1185e-10 1.15371e-09 1.35379e-15 8.37093e-09 7.64024e-19 1.17468e-12 8.53809e-19 5.37237e-16 5.60736e-18 1.59581e-18 2.13952e-08 0 1.69407e-21 1.25987e-12 9.52573e-18 3.92549e-16
0.00486111  2330.35 3.38439e-05 0.000300691 0.000446578 0.0132867 0.00334499 0.0838557 0.720103 9.08359e-06 1.89415e-06 0.0206437 0.157974 2.6954e-09 7.65373e-08 2.95215e-10 8.15566e-11 3.19031e-13 4.69672e-14 3.08899e-10 7.22758e-10 6.93563e-10 3.75827e-11 7.20831e-13 2.08838e-15 1.74853e-11 7.16415e-10 6.45049e-11 2.10917e-08 2.0624e-12 2.56191e-09 1.57397e-09 3.04129e-15 3.67008e-11 3.99711e-10 4.21872e-16 3.3966e-09 1.43996e-19 1.44508e-13 2.4564e-19 1.6519e-16 1.73981e-18 4.96361e-19 7.36459e-09 0 0 2.41415e-13 1.855e-18 7.24908e-17
0.00520833  2340 3.11756e-05 0.00028973 0.000413135 0.0127127 0.00324822 0.0841057 0.720031 8.2864e-06 1.71609e-06 0.0198349 0.159323 1.49938e-09 6.69235e-08 1.11792e-10 3.14196e-11 1.23963e-13 1.71312e-14 1.22481e-10 2.83219e-10 2.69734e-10 1.45542e-11 2.37326e-13 6.46018e-16 5.90807e-12 2.63505e-10 2.25326e-11 8.6505e-09 7.09694e-13 1.06324e-09 6.28609e-10 6.62691e-16 1.22857e-11 1.40235e-10 1.34499e-16 1.39487e-09 2.87991e-20 2.78873e-14 7.28448e-20 5.21874e-17 5.5396e-19 1.59242e-19 2.5759e-09 0 0 4.73737e-14 3.72694e-19 1.37338e-17
0.00555556  2348.52 2.88623e-05 0.000279711 0.00038399 0.0122075 0.00315779 0.0843327 0.719971 7.62194e-06 1.56588e-06 0.019125 0.160504 1.00207e-09 5.91258e-08 4.35627e-11 1.24319e-11 5.02849e-14 6.45396e-15 4.99555e-11 1.13828e-10 1.07471e-10 5.77651e-12 7.97477e-14 2.04904e-16 2.0309e-12 9.86493e-11 8.03196e-12 3.62304e-09 2.51184e-13 4.49865e-10 2.56686e-10 1.55019e-16 4.19126e-12 4.9829e-11 4.38136e-17 5.79567e-10 6.77626e-21 7.3445e-15 2.20229e-20 1.69e-17 1.81265e-19 5.2516e-20 9.14793e-10 0 0 9.51206e-15 7.6233e-20 2.66646e-18
0.00590278  2356.1 2.68483e-05 0.000270551 0.000358497 0.0117588 0.00307366 0.0845386 0.71992 7.06194e-06 1.43815e-06 0.0184947 0.16155 7.77026e-10 5.27115e-08 1.74209e-11 5.0478e-12 2.15882e-14 2.50349e-15 2.08883e-11 4.68262e-11 4.37885e-11 2.34531e-12 2.73096e-14 6.65039e-17 7.09621e-13 3.7564e-11 2.91982e-12 1.54652e-09 9.13003e-14 1.9369e-10 1.06952e-10 3.91126e-17 1.45565e-12 1.79304e-11 1.45656e-17 2.43586e-10 1.69407e-21 2.19467e-15 6.77626e-21 5.59889e-18 6.09864e-20 1.69407e-20 3.2959e-10 0 0 1.95305e-15 1.69407e-20 5.30243e-19
0.00625  2362.89 2.5087e-05 0.00026217 0.000336106 0.0113571 0.00299558 0.0847255 0.719876 6.58535e-06 1.32873e-06 0.01793 0.162485 6.62532e-10 4.73723e-08 7.13342e-12 2.10455e-12 1.00456e-14 9.97281e-16 8.93115e-12 1.9683e-11 1.8215e-11 9.72439e-13 9.51806e-15 2.20483e-17 2.51808e-13 1.45398e-11 1.08184e-12 6.71738e-10 3.40346e-14 8.4735e-11 4.53975e-11 1.0637e-17 5.14169e-13 6.53276e-12 4.93651e-18 1.03534e-10 0 6.90562e-16 1.69407e-21 1.89397e-18 2.03288e-20 6.77626e-21 1.20372e-10 0 0 4.09998e-16 3.38813e-21 1.0842e-19
0.00659722  2369 2.35394e-05 0.000254494 0.000316354 0.010995 0.00292321 0.0848952 0.719837 6.17617e-06 1.23431e-06 0.01742 0.163328 5.95336e-10 4.2882e-08 2.98543e-12 9.03806e-13 5.22831e-15 4.07118e-16 3.8969e-12 8.44167e-12 7.72435e-12 4.11156e-13 3.37196e-15 7.45558e-18 9.06642e-14 5.71765e-12 4.08325e-13 2.96504e-10 1.29956e-14 3.76206e-11 1.96032e-11 3.10014e-18 1.84539e-13 2.40923e-12 1.70423e-18 4.44944e-11 0 2.24111e-16 0 6.53909e-19 6.77626e-21 1.69407e-21 4.45285e-11 0 0 8.80491e-17 0 2.20229e-20
0.00694444  2374.53 2.21734e-05 0.000247452 0.000298856 0.0106668 0.00285613 0.0850497 0.719803 5.8221e-06 1.15229e-06 0.0169566 0.164093 5.49881e-10 3.90708e-08 1.27522e-12 4.02827e-13 3.12189e-15 1.70032e-16 1.73253e-12 3.68996e-12 3.33503e-12 1.77039e-13 1.2129e-15 2.56651e-18 3.30943e-14 2.2832e-12 1.56914e-13 1.3285e-10 5.07685e-15 1.69341e-11 8.60119e-12 9.58841e-19 6.72392e-14 8.99077e-13 5.98005e-19 1.93294e-11 0 7.45592e-17 0 2.28699e-19 1.69407e-21 0 1.66716e-11 0 0 1.9375e-17 0 5.0822e-21
0.00729167  2379.55 2.09621e-05 0.000240981 0.000283288 0.0103679 0.00279394 0.0851905 0.719772 5.51352e-06 1.08059e-06 0.0165332 0.16479 5.1544e-10 3.58094e-08 5.55452e-13 1.89043e-13 2.14088e-15 7.25704e-17 7.84073e-13 1.6428e-12 1.46437e-12 7.75472e-14 4.42521e-16 8.99549e-19 1.22368e-14 9.25432e-13 6.1366e-14 6.0362e-11 2.02693e-15 7.72146e-12 3.83073e-12 3.11708e-19 2.4852e-14 3.39395e-13 2.13452e-19 8.48641e-12 0 2.53602e-17 0 8.13152e-20 1.69407e-21 0 6.31291e-12 0 0 4.38255e-18 0 1.69407e-21
0.00763889  2384.12 1.98833e-05 0.000235023 0.000269382 0.0100946 0.00273624 0.0853191 0.719745 5.24285e-06 1.01756e-06 0.0161445 0.16543 4.87291e-10 3.29975e-08 2.46678e-13 9.55856e-14 1.64323e-15 3.16435e-17 3.61078e-13 7.44976e-13 6.5328e-13 3.45225e-14 1.63604e-16 3.20178e-19 4.5798e-15 3.80579e-13 2.44128e-14 2.77884e-11 8.26181e-16 3.56382e-12 1.7302e-12 1.05032e-19 9.31086e-15 1.29556e-13 7.7927e-20 3.76462e-12 0 8.80406e-18 0 2.87991e-20 0 0 2.41603e-12 0 0 1.02491e-18 0 0
0.00798611  2388.31 1.89186e-05 0.000229528 0.000256913 0.0098436 0.00268266 0.0854368 0.71972 5.00402e-06 9.61859e-07 0.0157865 0.166019 4.63214e-10 3.05568e-08 1.11821e-13 5.35622e-14 1.36223e-15 1.41082e-17 1.69327e-13 3.4454e-13 2.9589e-13 1.56103e-14 6.12405e-17 1.15196e-19 1.73372e-15 1.58738e-13 9.87549e-15 1.29516e-11 3.43453e-16 1.66389e-12 7.91854e-13 3.72694e-20 3.53363e-15 4.99928e-14 2.87991e-20 1.68696e-12 0 3.11369e-18 0 1.01644e-20 0 0 9.33938e-13 0 0 2.49028e-19 0 0
0.00833333  2392.16 1.80525e-05 0.000224449 0.000245691 0.00961244 0.00263285 0.0855449 0.719698 4.79213e-06 9.1238e-07 0.0154555 0.166562 4.42073e-10 2.84251e-08 5.19093e-14 3.39709e-14 1.18396e-15 6.4527e-18 8.10582e-14 1.63049e-13 1.36009e-13 7.16835e-15 2.31918e-17 4.23516e-20 6.63403e-16 6.71269e-14 4.06059e-15 6.10714e-12 1.45478e-16 7.85353e-13 3.66947e-13 1.35525e-20 1.35769e-15 1.94954e-14 1.01644e-20 7.63426e-13 0 1.12147e-18 0 3.38813e-21 0 0 3.64434e-13 0 0 6.43745e-20 0 0
0.00868056  2395.69 1.72721e-05 0.000219748 0.000235557 0.0093989 0.00258649 0.0856442 0.719678 4.6032e-06 8.68232e-07 0.0151487 0.167066 4.23224e-10 2.65527e-08 2.4849e-14 2.4374e-14 1.05814e-15 3.04593e-18 3.98242e-14 7.94883e-14 6.34565e-14 3.34499e-15 8.8786e-18 1.52466e-20 2.56431e-16 2.87704e-14 1.6965e-15 2.91154e-12 6.27262e-17 3.74546e-13 1.72057e-13 5.0822e-21 5.27854e-16 7.68089e-15 3.38813e-21 3.48821e-13 0 4.09964e-19 0 1.69407e-21 0 0 1.43471e-13 0 0 1.69407e-20 0 0
0.00902778  2398.96 1.65664e-05 0.000215386 0.000226375 0.00920113 0.0025433 0.0857358 0.719659 4.43398e-06 8.28672e-07 0.0148636 0.167533 4.06256e-10 2.48995e-08 1.24211e-14 1.93401e-14 9.6172e-16 1.50264e-18 2.02804e-14 4.03968e-14 3.00843e-14 1.58932e-15 3.43387e-18 5.0822e-21 1.0007e-16 1.24935e-14 7.19942e-16 1.40255e-12 2.75065e-17 1.80397e-13 8.15794e-14 1.69407e-21 2.07572e-16 3.05669e-15 1.69407e-21 1.6088e-13 0 1.52466e-19 0 0 0 0 5.69548e-14 0 0 5.0822e-21 0 0
0.009375  2401.98 1.59263e-05 0.000211334 0.000218032 0.00901751 0.00250301 0.0858203 0.719642 4.28176e-06 7.93085e-07 0.0145981 0.167969 3.90884e-10 2.34327e-08 6.61108e-15 1.64536e-14 8.83515e-16 7.87741e-19 1.08773e-14 2.17925e-14 1.45342e-14 7.7233e-16 1.3417e-18 1.69407e-21 3.94057e-17 5.49494e-15 3.10216e-16 6.8231e-13 1.22566e-17 8.77089e-14 3.90906e-14 0 8.25298e-17 1.2285e-15 0 7.48791e-14 0 5.75982e-20 0 0 0 0 2.2788e-14 0 0 1.69407e-21 0 0
0.00972222  2404.78 1.53439e-05 0.000207563 0.000210428 0.00884669 0.00246538 0.0858985 0.719626 4.1443e-06 7.60955e-07 0.0143503 0.168374 3.76892e-10 2.21255e-08 3.83871e-15 1.46189e-14 8.17746e-16 4.48927e-19 6.27761e-15 1.27607e-14 7.19711e-15 3.8715e-16 5.28549e-19 1.69407e-21 1.56498e-17 2.44704e-15 1.35671e-16 3.35031e-13 5.54468e-18 4.30309e-14 1.89198e-14 0 3.31681e-17 4.98574e-16 0 3.51613e-14 0 2.20229e-20 0 0 0 0 9.18537e-15 0 0 0 0 0
0.0100694  2407.39 1.48124e-05 0.000204048 0.00020348 0.00868745 0.00243021 0.085971 0.719612 4.01972e-06 7.31848e-07 0.0141186 0.168754 3.64108e-10 2.09559e-08 2.48137e-15 1.33284e-14 7.61164e-16 2.82909e-19 3.98244e-15 8.26473e-15 3.6918e-15 2.0312e-16 2.10064e-19 0 6.26635e-18 1.10298e-15 6.02003e-17 1.65964e-13 2.54449e-18 2.12962e-14 9.24505e-15 0 1.34712e-17 2.04306e-16 0 1.66536e-14 0 8.47033e-21 0 0 0 0 3.72837e-15 0 0 0 0 0
0.0104167  2409.81 1.43262e-05 0.000200766 0.000197115 0.00853876 0.00239728 0.0860383 0.719599 3.90644e-06 7.05398e-07 0.0139016 0.169109 3.52391e-10 1.99053e-08 1.79337e-15 1.23404e-14 7.11772e-16 1.999e-19 2.80726e-15 5.95017e-15 1.9954e-15 1.13929e-16 8.47033e-20 0 2.52755e-18 5.03026e-16 2.70898e-17 8.29031e-14 1.18415e-18 1.06299e-14 4.55901e-15 0 5.52943e-18 8.45339e-17 0 7.95392e-15 0 3.38813e-21 0 0 0 0 1.52337e-15 0 0 0 0 0
0.0107639  2412.07 1.38803e-05 0.000197698 0.000191272 0.00839969 0.00236644 0.0861009 0.719586 3.8031e-06 6.81292e-07 0.0136982 0.169441 3.41624e-10 1.89582e-08 1.42739e-15 1.15357e-14 6.68228e-16 1.5416e-19 2.18388e-15 4.70204e-15 1.16266e-15 6.99768e-17 3.38813e-20 0 1.0283e-18 2.32035e-16 1.23565e-17 4.1741e-14 5.59042e-19 5.35129e-15 2.26813e-15 0 2.29207e-18 3.53179e-17 0 3.82978e-15 0 1.69407e-21 0 0 0 0 6.26315e-16 0 0 0 0 0
0.0111111  2414.19 1.34704e-05 0.000194827 0.000185895 0.00826944 0.00233751 0.0861592 0.719575 3.70858e-06 6.59264e-07 0.0135072 0.169753 3.31704e-10 1.81018e-08 1.21952e-15 1.08528e-14 6.29567e-16 1.27055e-19 1.83662e-15 3.98561e-15 7.46873e-16 4.78607e-17 1.35525e-20 0 4.20128e-19 1.08215e-16 5.7107e-18 2.11744e-14 2.67662e-19 2.71801e-15 1.13825e-15 0 9.60535e-19 1.4901e-17 0 1.85856e-15 0 0 0 0 0 0 2.59021e-16 0 0 0 0 0
0.0114583  2416.16 1.30928e-05 0.000192135 0.000180938 0.00814729 0.00231036 0.0862136 0.719564 3.62188e-06 6.39084e-07 0.0133277 0.170047 3.22545e-10 1.73249e-08 1.09131e-15 1.02581e-14 5.95054e-16 1.11808e-19 1.63016e-15 3.54108e-15 5.34632e-16 3.64072e-17 5.0822e-21 0 1.72795e-19 5.10066e-17 2.67324e-18 1.0818e-14 1.28749e-19 1.39419e-15 5.76277e-16 0 4.06576e-19 6.34936e-18 0 9.08827e-16 0 0 0 0 0 0 1.07719e-16 0 0 0 0 0
0.0118056  2418.01 1.27443e-05 0.00018961 0.000176359 0.0080326 0.00228486 0.0862644 0.719554 3.54217e-06 6.20555e-07 0.0131587 0.170322 3.14072e-10 1.66182e-08 1.00466e-15 9.73161e-15 5.64104e-16 9.99499e-20 1.49731e-15 3.24036e-15 4.22917e-16 3.0234e-17 1.69407e-21 0 7.11508e-20 2.42878e-17 1.26547e-18 5.56423e-15 6.43745e-20 7.23691e-16 2.94517e-16 0 1.74489e-19 2.73422e-18 0 4.47687e-16 0 0 0 0 0 0 4.50334e-17 0 0 0 0 0
0.0121528  2419.74 1.2422e-05 0.000187239 0.000172122 0.00792481 0.00226088 0.0863119 0.719545 3.46873e-06 6.03506e-07 0.0129996 0.170582 3.0622e-10 1.59737e-08 9.40766e-16 9.2607e-15 5.36243e-16 9.14796e-20 1.40423e-15 3.01928e-15 3.61497e-16 2.6712e-17 1.69407e-21 0 3.04932e-20 1.16789e-17 6.06476e-19 2.88014e-15 3.21873e-20 3.81593e-16 1.52149e-16 0 7.45389e-20 1.18923e-18 0 2.22092e-16 0 0 0 0 0 0 1.8921e-17 0 0 0 0 0
0.0125  2421.37 1.21235e-05 0.00018501 0.000168195 0.00782341 0.00223832 0.0863563 0.719536 3.40091e-06 5.87788e-07 0.0128497 0.170827 2.9893e-10 1.53845e-08 8.90127e-16 8.83653e-15 5.11078e-16 8.47033e-20 1.33365e-15 2.845e-15 3.2563e-16 2.45504e-17 0 0 1.18585e-20 5.66834e-18 2.93073e-19 1.49949e-15 1.69407e-20 2.05746e-16 7.96651e-17 0 3.21873e-20 5.23466e-19 0 1.10914e-16 0 0 0 0 0 0 7.98583e-18 0 0 0 0 0
0.0128472  2422.9 1.18465e-05 0.000182912 0.00016455 0.00772796 0.00221708 0.0863979 0.719528 3.33819e-06 5.73272e-07 0.0127082 0.171058 2.92152e-10 1.48446e-08 8.47824e-16 8.45254e-15 4.88281e-16 7.96211e-20 1.27658e-15 2.70028e-15 3.03006e-16 2.31037e-17 0 0 5.0822e-21 2.77319e-18 1.43996e-19 7.84237e-16 8.47033e-21 1.14604e-16 4.24635e-17 0 1.52466e-20 2.32087e-19 0 5.57009e-17 0 0 0 0 0 0 3.38474e-18 0 0 0 0 0
0.0131944  2424.34 1.15892e-05 0.000180937 0.000161163 0.00763806 0.00219708 0.0864369 0.719521 3.28007e-06 5.59844e-07 0.0125747 0.171275 2.85843e-10 1.4349e-08 8.11205e-16 8.1036e-15 4.67571e-16 7.45389e-20 1.22818e-15 2.57571e-15 2.87422e-16 2.20449e-17 0 0 1.69407e-21 1.36033e-18 7.11508e-20 4.10174e-16 5.0822e-21 6.68173e-17 2.31613e-17 0 6.77626e-21 1.03338e-19 0 2.80063e-17 0 0 0 0 0 0 1.43318e-18 0 0 0 0 0
0.0135417  2425.69 1.13499e-05 0.000179075 0.000158012 0.00755338 0.00217823 0.0864735 0.719514 3.22616e-06 5.47406e-07 0.0124487 0.17148 2.79962e-10 1.38932e-08 7.78764e-16 7.78554e-15 4.48709e-16 6.94567e-20 1.18581e-15 2.46589e-15 2.75696e-16 2.1208e-17 0 0 1.69407e-21 6.53909e-19 3.38813e-20 2.10403e-16 3.38813e-21 4.11489e-17 1.29189e-17 0 3.38813e-21 4.57398e-20 0 1.37897e-17 0 0 0 0 0 0 5.86147e-19 0 0 0 0 0
0.0142361  2428.14 1.09202e-05 0.00017567 0.000152357 0.00739871 0.00214379 0.0865399 0.719501 3.12973e-06 5.25213e-07 0.0122179 0.171856 2.69379e-10 1.30876e-08 7.23578e-16 7.23029e-15 4.15832e-16 6.26804e-20 1.11442e-15 2.28034e-15 2.58711e-16 1.99256e-17 0 0 0 1.93124e-19 1.01644e-20 6.74069e-17 1.69407e-21 2.22804e-17 5.57856e-18 0 0 1.18585e-20 0 4.20637e-18 0 0 0 0 0 0 1.40607e-19 0 0 0 0 0
0.0149306  2430.34 1.05439e-05 0.000172623 0.000147399 0.00725987 0.00211295 0.086599 0.71949 3.04546e-06 5.05897e-07 0.0120101 0.172194 2.60069e-10 1.23952e-08 6.77345e-16 6.75985e-15 3.88046e-16 5.75982e-20 1.0545e-15 2.12595e-15 2.4544e-16 1.88939e-17 0 0 0 5.75982e-20 3.38813e-21 2.19466e-17 1.69407e-21 1.57921e-17 3.20178e-18 0 0 3.38813e-21 0 1.30612e-18 0 0 0 0 0 0 3.38813e-20 0 0 0 0 0
0.015625  2432.31 1.02128e-05 0.000169889 0.000143035 0.00713494 0.00208527 0.0866517 0.71948 2.97144e-06 4.89e-07 0.0118228 0.172498 2.51846e-10 1.17963e-08 6.38077e-16 6.35817e-15 3.6438e-16 5.2516e-20 1.00337e-15 1.99559e-15 2.3436e-16 1.80249e-17 0 0 0 1.86347e-20 1.69407e-21 7.26924e-18 0 1.32747e-17 2.37847e-18 0 0 1.69407e-21 0 4.11658e-19 0 0 0 0 0 0 8.47033e-21 0 0 0 0 0
0.0163194  2434.08 9.92028e-06 0.000167429 0.000139178 0.00702227 0.00206038 0.086699 0.719472 2.90612e-06 4.7415e-07 0.0116535 0.172773 2.44556e-10 1.12753e-08 6.04405e-16 6.01285e-15 3.44077e-16 4.91279e-20 9.59283e-16 1.88439e-15 2.24835e-16 1.72744e-17 0 0 0 5.0822e-21 0 2.46317e-18 0 1.20804e-17 2.05151e-18 0 0 0 0 1.32137e-19 0 0 0 0 0 0 1.69407e-21 0 0 0 0 0
0.0170139  2435.68 9.66087e-06 0.000165211 0.000135758 0.00692048 0.00203795 0.0867413 0.719464 2.84824e-06 4.61046e-07 0.0115003 0.173022 2.38071e-10 1.08199e-08 5.75323e-16 5.71416e-15 3.2655e-16 4.57398e-20 9.20984e-16 1.78879e-15 2.1653e-16 1.66222e-17 0 0 0 1.69407e-21 0 8.67362e-19 0 1.13621e-17 1.89397e-18 0 0 0 0 4.23516e-20 0 0 0 0 0 0 0 0 0 0 0 0
0.0177083  2437.12 9.4301e-06 0.000163208 0.000132715 0.00682836 0.00201771 0.0867795 0.719457 2.79678e-06 4.49441e-07 0.0113615 0.173248 2.32287e-10 1.042e-08 5.50053e-16 5.45442e-15 3.11335e-16 4.23516e-20 8.87521e-16 1.70608e-15 2.09234e-16 1.60479e-17 0 0 0 0 0 3.32037e-19 0 1.08386e-17 1.79571e-18 0 0 0 0 1.35525e-20 0 0 0 0 0 0 0 0 0 0 0 0
0.0184028  2438.42 9.22427e-06 0.000161397 0.000130001 0.00674491 0.00199942 0.0868138 0.71945 2.75088e-06 4.39133e-07 0.0112356 0.173452 2.27113e-10 1.00675e-08 5.27983e-16 5.22747e-15 2.98062e-16 4.06576e-20 8.58144e-16 1.63412e-15 2.02793e-16 1.55431e-17 0 0 0 0 0 1.49078e-19 0 1.04134e-17 1.72287e-18 0 0 0 0 5.0822e-21 0 0 0 0 0 0 0 0 0 0 0 0
0.0190972  2439.6 9.04027e-06 0.000159756 0.000127576 0.00666924 0.00198288 0.0868448 0.719445 2.70984e-06 4.29953e-07 0.0111212 0.173638 2.22477e-10 9.7558e-09 5.08625e-16 5.02836e-15 2.86434e-16 3.72694e-20 8.32252e-16 1.57123e-15 1.97083e-16 1.50958e-17 0 0 0 0 0 8.63974e-20 0 1.00492e-17 1.66357e-18 0 0 0 0 1.69407e-21 0 0 0 0 0 0 0 0 0 0 0 0
0.0197917  2440.67 8.87548e-06 0.000158269 0.000125404 0.00660061 0.00196791 0.0868727 0.71944 2.67309e-06 4.2176e-07 0.0110174 0.173806 2.18315e-10 9.47941e-09 4.91582e-16 4.85307e-15 2.76211e-16 3.55754e-20 8.09355e-16 1.51604e-15 1.92007e-16 1.46977e-17 0 0 0 0 0 6.26804e-20 0 9.73071e-18 1.61275e-18 0 0 0 0 0 0 0 0 0 0 0 0 0 0 0 0 0
0.0204861  2441.63 8.72771e-06 0.000156921 0.000123457 0.0065384 0.00195436 0.0868979 0.719435 2.64015e-06 4.1444e-07 0.0109231 0.173959 2.14576e-10 9.23386e-09 4.76537e-16 4.69834e-15 2.67197e-16 3.38813e-20 7.89047e-16 1.46745e-15 1.87486e-16 1.43437e-17 0 0 0 0 0 5.42101e-20 0 9.44781e-18 1.56701e-18 0 0 0 0 0 0 0 0 0 0 0 0 0 0 0 0 0
0.021875  2443.28 8.4774e-06 0.000154601 0.000120165 0.0064318 0.00193113 0.0869408 0.719428 2.58445e-06 4.02108e-07 0.010761 0.174221 2.08229e-10 8.82312e-09 4.51589e-16 4.44164e-15 2.52263e-16 3.21873e-20 7.55201e-16 1.38718e-15 1.79895e-16 1.37507e-17 0 0 0 0 0 4.91279e-20 0 8.98024e-18 1.49247e-18 0 0 0 0 0 0 0 0 0 0 0 0 0 0 0 0 0
0.0232639  2444.66 8.27188e-06 0.000152666 0.000117461 0.00634248 0.00191177 0.0869765 0.719421 2.53859e-06 3.92025e-07 0.010625 0.174442 2.02995e-10 8.49021e-09 4.3155e-16 4.23568e-15 2.40303e-16 3.04932e-20 7.27816e-16 1.32299e-15 1.73715e-16 1.32696e-17 0 0 0 0 0 4.74338e-20 0 8.59908e-18 1.43149e-18 0 0 0 0 0 0 0 0 0 0 0 0 0 0 0 0 0
0.0246528  2445.81 8.10216e-06 0.000151046 0.000115229 0.00626749 0.0018956 0.0870062 0.719416 2.50065e-06 3.83731e-07 0.0105107 0.174627 1.98659e-10 8.21838e-09 4.15317e-16 4.06894e-15 2.30634e-16 2.87991e-20 7.05511e-16 1.27119e-15 1.68653e-16 1.28749e-17 0 0 0 0 0 4.57398e-20 0 8.28906e-18 1.38236e-18 0 0 0 0 0 0 0 0 0 0 0 0 0 0 0 0 0
0.0260417  2446.78 7.96148e-06 0.000149687 0.000113379 0.00620446 0.00188206 0.087031 0.719412 2.46915e-06 3.7688e-07 0.0104145 0.174782 1.95056e-10 7.9952e-09 4.02078e-16 3.93302e-15 2.22761e-16 2.71051e-20 6.8723e-16 1.22908e-15 1.64485e-16 1.25496e-17 0 0 0 0 0 4.40457e-20 0 8.03495e-18 1.3417e-18 0 0 0 0 0 0 0 0 0 0 0 0 0 0 0 0 0
0.0274306  2447.59 7.84466e-06 0.000148547 0.000111845 0.00615157 0.00187072 0.0870517 0.719408 2.44296e-06 3.71209e-07 0.0103336 0.174913 1.92057e-10 7.81141e-09 3.91231e-16 3.82174e-15 2.16322e-16 2.5411e-20 6.72187e-16 1.19466e-15 1.61041e-16 1.2282e-17 0 0 0 0 0 4.23516e-20 0 7.82489e-18 1.30951e-18 0 0 0 0 0 0 0 0 0 0 0 0 0 0 0 0 0
0.0302083  2448.8 7.67046e-06 0.000146823 0.000109562 0.00607224 0.00185368 0.0870824 0.719404 2.40401e-06 3.62802e-07 0.0102116 0.17511 1.87574e-10 7.5402e-09 3.75317e-16 3.65855e-15 2.06889e-16 2.5411e-20 6.49989e-16 1.1443e-15 1.55935e-16 1.18856e-17 0 0 0 0 0 4.06576e-20 0 7.51657e-18 1.25869e-18 0 0 0 0 0 0 0 0 0 0 0 0 0 0 0 0 0
0.0329861  2449.68 7.54537e-06 0.00014557 0.000107924 0.00601437 0.00184132 0.0871046 0.7194 2.37595e-06 3.56785e-07 0.0101224 0.175253 1.84342e-10 7.34714e-09 3.64056e-16 3.54323e-15 2.00234e-16 2.37169e-20 6.34189e-16 1.10877e-15 1.52285e-16 1.1601e-17 0 0 0 0 0 4.06576e-20 0 7.29634e-18 1.22481e-18 0 0 0 0 0 0 0 0 0 0 0 0 0 0 0 0 0
0.0385417  2450.72 7.39881e-06 0.000144081 0.00010601 0.00594622 0.00182673 0.0871302 0.719397 2.34314e-06 3.49781e-07 0.0100163 0.175423 1.80539e-10 7.12304e-09 3.51048e-16 3.41015e-15 1.92558e-16 2.20229e-20 6.15813e-16 1.06782e-15 1.48021e-16 1.12706e-17 0 0 0 0 0 3.89635e-20 0 7.04054e-18 1.18415e-18 0 0 0 0 0 0 0 0 0 0 0 0 0 0 0 0 0
0.0440972  2451.31 7.31545e-06 0.000143226 0.000104923 0.00590701 0.00181838 0.0871448 0.719395 2.32443e-06 3.45811e-07 0.00995503 0.175522 1.78366e-10 6.99641e-09 3.43731e-16 3.3354e-15 1.88251e-16 2.20229e-20 6.05422e-16 1.04483e-15 1.45603e-16 1.10826e-17 0 0 0 0 0 3.89635e-20 0 6.89485e-18 1.16044e-18 0 0 0 0 0 0 0 0 0 0 0 0 0 0 0 0 0
0.0552083  2451.79 7.24784e-06 0.000142525 0.000104044 0.00587523 0.00181158 0.0871563 0.719394 2.30931e-06 3.42608e-07 0.0099048 0.175602 1.76597e-10 6.89419e-09 3.37836e-16 3.27523e-15 1.84787e-16 2.20229e-20 5.97002e-16 1.02633e-15 1.43638e-16 1.09301e-17 0 0 0 0 0 3.72694e-20 0 6.77796e-18 1.1418e-18 0 0 0 0 0 0 0 0 0 0 0 0 0 0 0 0 0
0.071875  2452.01 7.21719e-06 0.000142205 0.000103647 0.00586079 0.0018085 0.0871615 0.719394 2.30245e-06 3.41162e-07 0.0098818 0.175638 1.75791e-10 6.84794e-09 3.35171e-16 3.24806e-15 1.83222e-16 2.03288e-20 5.93184e-16 1.01797e-15 1.42747e-16 1.08624e-17 0 0 0 0 0 3.72694e-20 0 6.72544e-18 1.13333e-18 0 0 0 0 0 0 0 0 0 0 0 0 0 0 0 0 0
0.096875  2452.08 7.20706e-06 0.0001421 0.000103516 0.00585603 0.00180748 0.0871631 0.719394 2.30019e-06 3.40685e-07 0.00987416 0.17565 1.75524e-10 6.83266e-09 3.34292e-16 3.2391e-15 1.82707e-16 2.03288e-20 5.91918e-16 1.01521e-15 1.42451e-16 1.08386e-17 0 0 0 0 0 3.72694e-20 0 6.7085e-18 1.12994e-18 0 0 0 0 0 0 0 0 0 0 0 0 0 0 0 0 0
0.134375  2452.1 7.2047e-06 0.000142075 0.000103485 0.00585492 0.00180724 0.0871635 0.719394 2.29966e-06 3.40574e-07 0.00987237 0.175653 1.75461e-10 6.8291e-09 3.34087e-16 3.237e-15 1.82586e-16 2.03288e-20 5.91624e-16 1.01457e-15 1.42381e-16 1.08336e-17 0 0 0 0 0 3.72694e-20 0 6.70342e-18 1.12994e-18 0 0 0 0 0 0 0 0 0 0 0 0 0 0 0 0 0
0.190625  2452.1 7.20431e-06 0.000142071 0.00010348 0.00585474 0.0018072 0.0871636 0.719394 2.29957e-06 3.40556e-07 0.00987208 0.175654 1.75451e-10 6.82852e-09 3.34053e-16 3.23667e-15 1.82566e-16 2.03288e-20 5.91576e-16 1.01447e-15 1.42371e-16 1.08319e-17 0 0 0 0 0 3.72694e-20 0 6.70342e-18 1.12994e-18 0 0 0 0 0 0 0 0 0 0 0 0 0 0 0 0 0
0.275  2452.1 7.20427e-06 0.00014207 0.00010348 0.00585472 0.0018072 0.0871636 0.719394 2.29956e-06 3.40554e-07 0.00987205 0.175654 1.7545e-10 6.82846e-09 3.34049e-16 3.23663e-15 1.82564e-16 2.03288e-20 5.9157e-16 1.01445e-15 1.42369e-16 1.08319e-17 0 0 0 0 0 3.72694e-20 0 6.70342e-18 1.12994e-18 0 0 0 0 0 0 0 0 0 0 0 0 0 0 0 0 0
0.401562  2452.1 7.20427e-06 0.00014207 0.00010348 0.00585472 0.00180719 0.0871636 0.719394 2.29956e-06 3.40554e-07 0.00987204 0.175654 1.7545e-10 6.82845e-09 3.34049e-16 3.23663e-15 1.82564e-16 2.03288e-20 5.9157e-16 1.01445e-15 1.42369e-16 1.08319e-17 0 0 0 0 0 3.72694e-20 0 6.70342e-18 1.12994e-18 0 0 0 0 0 0 0 0 0 0 0 0 0 0 0 0 0
0.591406  2452.1 7.20427e-06 0.00014207 0.00010348 0.00585472 0.00180719 0.0871636 0.719394 2.29956e-06 3.40554e-07 0.00987204 0.175654 1.7545e-10 6.82845e-09 3.34049e-16 3.23663e-15 1.82564e-16 2.03288e-20 5.9157e-16 1.01445e-15 1.42369e-16 1.08319e-17 0 0 0 0 0 3.72694e-20 0 6.70342e-18 1.12994e-18 0 0 0 0 0 0 0 0 0 0 0 0 0 0 0 0 0
0.876172  2452.1 7.20427e-06 0.00014207 0.00010348 0.00585472 0.00180719 0.0871636 0.719394 2.29956e-06 3.40554e-07 0.00987204 0.175654 1.7545e-10 6.82845e-09 3.34049e-16 3.23663e-15 1.82564e-16 2.03288e-20 5.9157e-16 1.01445e-15 1.42369e-16 1.08319e-17 0 0 0 0 0 3.72694e-20 0 6.70342e-18 1.12994e-18 0 0 0 0 0 0 0 0 0 0 0 0 0 0 0 0 0
1.30332  2452.1 7.20427e-06 0.00014207 0.00010348 0.00585472 0.00180719 0.0871636 0.719394 2.29956e-06 3.40554e-07 0.00987204 0.175654 1.7545e-10 6.82845e-09 3.34049e-16 3.23663e-15 1.82564e-16 2.03288e-20 5.9157e-16 1.01445e-15 1.42369e-16 1.08319e-17 0 0 0 0 0 3.72694e-20 0 6.70342e-18 1.12994e-18 0 0 0 0 0 0 0 0 0 0 0 0 0 0 0 0 0
1.94404  2452.1 7.20427e-06 0.00014207 0.00010348 0.00585472 0.00180719 0.0871636 0.719394 2.29956e-06 3.40554e-07 0.00987204 0.175654 1.7545e-10 6.82845e-09 3.34049e-16 3.23663e-15 1.82564e-16 2.03288e-20 5.9157e-16 1.01445e-15 1.42369e-16 1.08319e-17 0 0 0 0 0 3.72694e-20 0 6.70342e-18 1.12994e-18 0 0 0 0 0 0 0 0 0 0 0 0 0 0 0 0 0
2.90513  2452.1 7.20427e-06 0.00014207 0.00010348 0.00585472 0.00180719 0.0871636 0.719394 2.29956e-06 3.40554e-07 0.00987204 0.175654 1.7545e-10 6.82845e-09 3.34049e-16 3.23663e-15 1.82564e-16 2.03288e-20 5.9157e-16 1.01445e-15 1.42369e-16 1.08319e-17 0 0 0 0 0 3.72694e-20 0 6.70342e-18 1.12994e-18 0 0 0 0 0 0 0 0 0 0 0 0 0 0 0 0 0
4.34675  2452.1 7.20427e-06 0.00014207 0.00010348 0.00585472 0.00180719 0.0871636 0.719394 2.29956e-06 3.40554e-07 0.00987204 0.175654 1.7545e-10 6.82845e-09 3.34049e-16 3.23663e-15 1.82564e-16 2.03288e-20 5.9157e-16 1.01445e-15 1.42369e-16 1.08319e-17 0 0 0 0 0 3.72694e-20 0 6.70342e-18 1.12994e-18 0 0 0 0 0 0 0 0 0 0 0 0 0 0 0 0 0
6.50919  2452.1 7.20427e-06 0.00014207 0.00010348 0.00585472 0.00180719 0.0871636 0.719394 2.29956e-06 3.40554e-07 0.00987204 0.175654 1.7545e-10 6.82845e-09 3.34049e-16 3.23663e-15 1.82564e-16 2.03288e-20 5.9157e-16 1.01445e-15 1.42369e-16 1.08319e-17 0 0 0 0 0 3.72694e-20 0 6.70342e-18 1.12994e-18 0 0 0 0 0 0 0 0 0 0 0 0 0 0 0 0 0
