TITLE="Graphics"
VARIABLES= "x", "T", "Y_H", "Y_H2", "Y_O", "Y_O2", "Y_OH", "Y_H2O", "Y_N2", "Y_HO2", "Y_H2O2", "Y_CO", "Y_CO2", "Y_CH2O", "Y_HCO", "Y_CH3OH", "Y_CH2OH", "Y_CH3O", "Y_CH3O2", "Y_CH4", "Y_CH3", "Y_CH2", "Y_CH2(S)", "Y_C2H6", "Y_C2H5O2", "Y_C2H5", "Y_C2H4", "Y_C2H3", "Y_C2H2", "Y_CH2CHO", "Y_CH2CO", "Y_HCCO", "Y_NC3H7", "Y_C3H6", "Y_C3H5-A", "Y_C3H5O", "Y_C3H4-A", "Y_NC3H7O2", "Y_C2H3CHO", "Y_NC7H16", "Y_C7H15", "Y_C7H15O2", "Y_C7H14OOH", "Y_C7H14", "Y_C7H14OOHO2", "Y_NC7KET", "Y_C7H14O", "Y_NC3H7CHO", "Y_NC3H7CO"
-0.530105  500 0 0 0 0.218435 0 0 0.719386 0 0 0 0 0 0 0 0 0 0 0 0 0 0 0 0 0 0 0 0 0 0 0 0 0 0 0 0 0 0 0.0621786 0 0 0 0 0 0 0 0 0
-0.423318  500 0 0 0 0.218435 1.01644e-20 4.69624e-16 0.719386 6.29107e-16 6.58992e-18 0 0 0 0 0 0 0 8.47033e-21 0 0 0 0 0 0 0 0 0 0 0 6.77626e-21 0 0 0 0 0 0 0 0 0.0621786 1.69407e-21 1.36298e-15 1.86347e-20 1.06557e-18 1.47432e-15 3.79817e-15 2.87991e-19 1.35525e-20 0
-0.352127  500 0 0 0 0.218435 1.69407e-20 1.01863e-15 0.719386 1.04584e-15 1.38829e-17 0 0 0 0 0 0 0 2.03288e-20 0 0 0 0 0 0 0 0 0 0 0 1.86347e-20 0 0 0 0 0 0 0 0 0.0621786 1.69407e-21 2.17564e-15 3.04932e-20 2.20059e-18 2.58986e-15 8.24414e-15 5.96311e-19 3.21873e-20 0
-0.304666  500 0 1.69407e-21 0 0.218435 2.20229e-20 1.49223e-15 0.719386 1.32247e-15 2.00323e-17 0 0 0 0 0 0 0 3.21873e-20 0 0 0 0 0 0 0 0 0 0 0 2.87991e-20 0 0 0 0 0 0 0 0 0.0621786 1.69407e-21 2.7077e-15 3.89635e-20 3.1408e-18 3.35151e-15 1.20797e-14 8.50421e-19 5.0822e-20 0
-0.257205  500 0 7.45389e-20 0 0.218435 2.5411e-20 2.07438e-15 0.719386 1.59793e-15 2.74608e-17 0 0 0 0 0 0 0 4.91279e-20 0 0 0 0 0 0 0 0 0 0 0 4.40457e-20 0 0 0 0 0 0 0 0 0.0621786 1.69407e-21 3.23877e-15 4.57398e-20 4.26735e-18 4.12024e-15 1.67949e-14 1.15535e-18 7.6233e-20 0
-0.193924  500 0 3.58973e-18 0 0.218435 3.21873e-20 3.04403e-15 0.719386 1.96313e-15 3.96191e-17 0 0 0 0 0 0 0 8.13152e-20 0 0 0 0 0 0 0 0 0 0 0 7.28448e-20 0 0 0 0 0 0 0 0 0.0621786 3.38813e-21 3.94948e-15 5.59042e-20 6.09525e-18 5.15228e-15 2.46545e-14 1.65002e-18 1.25361e-19 0
-0.151736  500 0 8.44966e-17 0 0.218435 3.72694e-20 3.77702e-15 0.719386 2.20567e-15 4.87264e-17 0 0 0 0 0 0 0 1.0842e-19 0 0 0 0 0 0 0 0 0 0 0 9.65618e-20 0 0 0 0 0 0 0 0 0.0621786 3.38813e-21 4.42482e-15 6.26804e-20 7.46236e-18 5.84297e-15 3.05964e-14 2.02102e-18 1.66018e-19 0
-0.123611  500 0 1.3442e-15 0 0.218435 4.06576e-20 4.30424e-15 0.719386 2.36696e-15 5.52418e-17 0 0 0 0 0 0 0 1.28749e-19 0 0 0 0 0 0 0 0 0 0 0 1.15196e-19 0 0 0 0 0 0 0 0 0.0621786 3.38813e-21 4.74244e-15 6.77626e-20 8.43814e-18 6.30455e-15 3.48705e-14 2.28529e-18 1.98206e-19 0
-0.104861  500 0 1.46996e-14 0 0.218435 4.23516e-20 4.67299e-15 0.719386 2.4743e-15 5.97819e-17 0 0 0 0 0 0 0 1.43996e-19 0 0 0 0 0 0 0 0 0 0 0 1.28749e-19 0 0 0 0 0 0 0 0 0.0621786 3.38813e-21 4.95452e-15 6.94567e-20 9.11916e-18 6.61277e-15 3.78593e-14 2.46995e-18 2.20229e-19 0
-0.0861111  500 0 1.87284e-13 0 0.218435 4.40457e-20 5.05937e-15 0.719386 2.58146e-15 6.45202e-17 8.47033e-21 0 0 0 0 0 0 1.60936e-19 0 0 0 0 0 0 0 0 0 0 0 1.43996e-19 0 0 0 0 0 0 0 0 0.0621786 3.38813e-21 5.16692e-15 7.28448e-20 9.82728e-18 6.92148e-15 4.09878e-14 2.66138e-18 2.4564e-19 0
-0.0611111  500 0 3.61815e-12 0 0.218435 4.57398e-20 5.62718e-15 0.719386 2.72404e-15 7.12236e-17 5.81065e-19 1.18585e-20 0 0 0 0 0 1.84653e-19 2.20229e-20 0 0 0 0 0 0 3.04932e-20 0 1.69407e-21 0 1.64324e-19 0 0 0 0 0 0 0 0 0.0621786 3.38813e-21 5.45071e-15 7.6233e-20 1.08251e-17 7.33395e-15 4.54068e-14 2.93073e-18 2.81215e-19 0
-0.0527778  500 0 1.68815e-11 0 0.218435 4.74338e-20 6.07312e-15 0.719386 2.77167e-15 7.40442e-17 8.3348e-18 2.20229e-19 1.18585e-20 0 1.69407e-21 0 0 1.93124e-19 2.82909e-19 0 0 0 0 0 0 4.65868e-19 0 2.37169e-20 0 1.71101e-19 0 0 1.69407e-21 0 0 0 0 0 0.0621786 3.38813e-21 5.54537e-15 7.7927e-20 1.11639e-17 7.47154e-15 4.69076e-14 3.02391e-18 2.94767e-19 0
-0.0444444  500 0 1.00426e-10 0 0.218435 4.74338e-20 1.08459e-14 0.719386 2.82224e-15 8.80491e-17 1.69906e-16 5.69376e-18 2.91379e-19 0 2.37169e-20 0 0 2.0837e-19 5.24991e-18 0 0 0 1.18585e-20 0 0 1.01034e-17 0 5.59042e-19 0 1.86347e-19 0 0 5.2516e-20 0 0 0 0 0 0.0621786 5.0822e-21 5.64011e-15 7.96211e-20 1.15078e-17 7.60922e-15 4.8436e-14 3.11708e-18 3.06626e-19 0
-0.0388889  500 0 4.02061e-10 0 0.218435 4.91279e-20 5.625e-14 0.719386 2.89023e-15 2.27008e-16 2.05796e-15 8.62872e-17 4.28768e-18 0 3.59142e-19 0 0 3.37119e-19 5.82047e-17 0 0 0 1.98206e-19 1.69407e-21 0 1.29566e-16 0 7.54706e-18 0 3.04932e-19 0 0 8.89385e-19 1.69407e-21 0 1.35525e-20 0 1.69407e-21 0.0621786 5.0822e-21 5.70339e-15 8.13152e-20 1.17399e-17 7.70108e-15 4.94673e-14 3.17976e-18 3.1679e-19 0
-0.0333333  500 0 1.76925e-09 0 0.218435 4.91279e-20 6.02048e-13 0.719386 3.43841e-15 2.19163e-15 2.89112e-14 1.52665e-15 7.38172e-17 0 6.3087e-18 0 0 2.69865e-18 7.46211e-16 0 0 0 3.7405e-18 3.04932e-20 0 1.9307e-15 0 1.18598e-16 3.38813e-21 2.61733e-18 0 0 1.76827e-17 3.72694e-20 0 2.93073e-19 0 6.60686e-20 0.0621786 5.0822e-21 5.76796e-15 8.13152e-20 1.19804e-17 7.79329e-15 5.05109e-14 3.24244e-18 3.28649e-19 0
-0.0277778  500 0 7.96611e-09 0 0.218435 5.0822e-20 7.17848e-12 0.719386 1.08057e-14 3.0238e-14 4.10838e-13 2.72685e-14 1.28307e-15 0 1.11807e-16 0 0 4.80047e-17 9.68515e-15 0 0 0 7.11389e-17 7.33531e-19 0 2.90861e-14 0 1.88328e-15 1.13502e-19 4.92262e-17 0 0 3.54304e-16 7.75882e-19 0 6.07661e-18 1.69407e-21 1.7991e-18 0.0621786 5.0822e-21 5.84906e-15 8.30092e-20 1.24531e-17 7.88926e-15 5.15674e-14 3.31698e-18 4.55704e-19 0
-0.025  500 0 1.92736e-08 0 0.218435 5.0822e-20 3.77218e-11 0.719386 5.08029e-14 1.83991e-13 2.49559e-12 2.03007e-13 9.32077e-15 0 8.26574e-16 0 0 3.80194e-16 5.43548e-14 0 0 0 5.60436e-16 7.24213e-18 0 1.86012e-13 0 1.26198e-14 1.60259e-18 4.08158e-16 0 0 2.92693e-15 6.51199e-18 0 5.1752e-17 1.86347e-20 1.95292e-17 0.0621786 5.0822e-21 5.94912e-15 8.47033e-20 1.59378e-17 7.94655e-15 5.21e-14 3.49316e-18 1.73472e-18 0
-0.0222222  500 0 5.05535e-08 0 0.218435 5.42101e-20 2.37044e-10 0.719386 3.54625e-13 1.35921e-12 1.83634e-11 1.86125e-12 8.32336e-14 0 7.52175e-15 0 0 3.73881e-15 3.66876e-13 0 0 0 5.45982e-15 8.96855e-17 0 1.44745e-12 0 1.03294e-13 2.35509e-17 4.2137e-15 0 0 2.99995e-14 6.79151e-17 0 5.47957e-16 2.76133e-19 2.67512e-16 0.0621786 8.47033e-21 6.51766e-15 9.14796e-20 8.14185e-17 8.07677e-15 5.26458e-14 6.48997e-18 2.06642e-17 0
-0.0194444  500 0 1.37083e-07 0 0.218435 9.99499e-20 1.5378e-09 0.719386 2.66315e-12 1.03421e-11 1.39139e-10 1.75083e-11 7.629e-13 0 7.0235e-14 0 0 3.76966e-14 2.55336e-12 0 0 0 5.45177e-14 1.13406e-15 0 1.15875e-11 0 8.69082e-13 3.46587e-16 4.45618e-14 0 0 3.14893e-13 7.2524e-16 0 5.93853e-15 4.12505e-18 3.7357e-15 0.0621786 3.04932e-20 1.0919e-14 1.5416e-19 1.35154e-15 8.79527e-15 5.33024e-14 6.74577e-17 3.01728e-16 0
-0.0166667  500 0 3.76448e-07 0 0.218435 7.35225e-19 1.00265e-08 0.719386 2.02047e-11 7.90044e-11 1.05841e-09 1.65153e-10 7.01249e-12 0 6.57666e-13 0 0 3.81033e-13 1.78506e-11 1.69407e-21 0 0 5.45739e-13 1.43638e-14 0 9.30972e-11 0 7.33651e-12 5.10101e-15 4.72352e-13 0 0 3.31292e-12 7.76199e-15 0 6.44997e-14 6.1625e-17 5.22405e-14 0.0621786 2.25311e-19 4.69266e-14 6.6238e-19 2.60311e-14 1.41407e-14 5.54117e-14 1.32112e-15 4.4759e-15 0
-0.0152778  500 0 6.54677e-07 0 0.218435 4.22669e-18 3.18612e-08 0.719386 7.23816e-11 2.84398e-10 3.79714e-09 7.06044e-10 2.93416e-11 0 2.79451e-12 0 1.69407e-21 1.72571e-12 5.98967e-11 8.47033e-21 0 0 2.45163e-12 7.88639e-14 0 3.4899e-10 0 2.86276e-11 3.1936e-14 2.22669e-12 0 0 1.55186e-11 3.689e-14 8.47033e-21 3.1039e-13 3.91014e-16 3.12692e-13 0.0621787 9.2496e-19 1.55589e-13 2.1972e-18 2.08969e-13 2.88326e-14 6.57967e-14 1.11519e-14 2.8245e-14 0
-0.0138889  500 0 1.17863e-06 0 0.218435 2.85467e-17 1.14024e-07 0.719385 2.96686e-10 1.1721e-09 1.55893e-08 3.52839e-09 1.4316e-10 0 1.38708e-11 0 3.72694e-20 9.19585e-12 2.28003e-10 4.40457e-20 0 0 1.29465e-11 5.19648e-13 0 1.50543e-09 0 1.2918e-10 2.18524e-13 1.2404e-11 0 0 8.58438e-11 2.07364e-13 2.21923e-19 1.76896e-12 3.01665e-15 2.2642e-12 0.0621787 4.64005e-18 8.47231e-13 1.19686e-17 2.07803e-12 1.34263e-13 1.76972e-13 1.17231e-13 2.16633e-13 0
-0.0125  500.002 1.69407e-21 2.16531e-06 1.35525e-20 0.218435 1.98738e-16 4.23203e-07 0.719384 1.26095e-09 5.00868e-09 6.63626e-08 1.82553e-08 7.23298e-10 0 7.12843e-11 0 1.21973e-18 5.06951e-11 9.00119e-10 2.67662e-19 0 0 7.07373e-11 3.53193e-12 5.0822e-21 6.73163e-09 0 6.0406e-10 1.51255e-12 7.1445e-11 0 0 4.91034e-10 1.20508e-12 6.01393e-18 1.04209e-11 2.39464e-14 1.68864e-11 0.0621789 2.55872e-17 5.98011e-12 8.44814e-17 2.1174e-11 1.03971e-12 1.42959e-12 1.26188e-12 1.70975e-12 0
-0.0111111  500.009 5.42101e-20 4.02341e-06 3.86247e-19 0.218434 1.40405e-15 1.58663e-06 0.719381 5.40632e-09 2.15902e-08 2.84976e-07 9.50995e-08 3.68005e-09 3.38813e-21 3.68884e-10 0 3.9138e-17 2.81239e-10 3.58735e-09 2.09217e-18 0 0 3.88964e-10 2.41185e-11 3.55754e-20 3.035e-08 1.69407e-21 2.84679e-09 1.0484e-11 4.13954e-10 0 0 2.82559e-09 7.04435e-12 1.66474e-16 6.17425e-11 1.9079e-13 1.26446e-10 0.0621791 1.51616e-16 4.95638e-11 7.00364e-16 2.16274e-10 9.64184e-12 1.57121e-11 1.36133e-11 1.35437e-11 0
-0.00972222  500.038 1.28749e-18 7.52255e-06 1.14349e-17 0.21843 1.0198e-14 5.9645e-06 0.719375 2.32281e-08 9.32525e-08 1.22624e-06 4.9606e-07 1.87476e-08 9.48677e-20 1.91145e-09 0 1.24554e-15 1.56202e-09 1.43312e-08 2.94158e-17 0 0 2.14125e-09 1.64836e-10 2.84603e-19 1.37085e-07 5.75982e-20 1.34384e-08 7.26796e-11 2.40087e-09 0 3.38813e-21 1.62761e-08 4.12219e-11 4.65338e-15 3.66163e-10 1.52104e-12 9.47314e-10 0.0621797 9.68562e-16 4.60848e-10 6.51863e-15 2.20948e-09 9.61658e-11 1.79347e-10 1.46885e-10 1.07332e-10 1.69407e-21
-0.00833333  500.165 3.08642e-17 1.41118e-05 3.42245e-16 0.218415 7.98296e-14 2.24363e-05 0.719358 9.98647e-08 4.02927e-07 5.27862e-06 2.58799e-06 9.55107e-08 2.68679e-18 9.90619e-09 1.01644e-20 3.90353e-14 8.67765e-09 5.72828e-08 6.86373e-16 0 0 1.17891e-08 1.12744e-09 3.32206e-18 6.19389e-07 1.63816e-18 6.3454e-08 5.03827e-10 1.39257e-08 1.86347e-20 2.71051e-20 9.37628e-08 2.41329e-10 1.29882e-13 2.17167e-09 1.21353e-11 7.0966e-09 0.062181 6.91652e-15 4.63251e-09 6.58098e-14 2.25697e-08 9.9132e-10 2.05889e-09 1.58468e-09 8.50541e-10 1.28749e-19
-0.00694444  500.724 7.40991e-16 2.65164e-05 1.04012e-14 0.218352 7.56818e-13 8.43802e-05 0.71931 4.29707e-07 1.74034e-06 2.27178e-05 1.3497e-05 4.86281e-07 7.62313e-17 5.13201e-08 5.48877e-19 1.18962e-12 4.82133e-08 2.28924e-07 1.92173e-14 1.69407e-21 0 6.4883e-08 7.73404e-09 7.00361e-17 2.7978e-06 4.60583e-17 2.99528e-07 3.49184e-09 8.074e-08 1.07404e-18 3.57448e-19 5.39931e-07 1.4148e-09 3.53866e-12 1.28747e-08 9.7108e-11 5.31314e-08 0.0621837 6.16128e-14 4.87591e-08 7.05758e-13 2.30421e-07 1.03284e-08 2.36726e-08 1.70865e-08 6.73665e-09 1.02169e-17
-0.00555556  503.158 1.78696e-14 4.98343e-05 3.24787e-13 0.218082 1.0157e-11 0.000316787 0.719161 1.85463e-06 7.50122e-06 9.76238e-05 7.02665e-05 2.46964e-06 2.27256e-15 2.65366e-07 4.15029e-17 3.43932e-11 2.67867e-07 9.13533e-07 5.6444e-13 2.11758e-19 0 3.56453e-07 5.37073e-08 2.11347e-15 1.26168e-05 1.32884e-15 1.41148e-06 2.41781e-08 4.67208e-07 8.8088e-17 1.92429e-17 3.10335e-06 8.35117e-09 8.95095e-11 7.61824e-08 7.86885e-10 3.96798e-07 0.0621865 8.07225e-13 5.21999e-07 8.18983e-12 2.347e-06 1.06786e-07 2.71868e-07 1.83796e-07 5.32414e-08 1.10221e-15
-0.00416667  513.657 4.39981e-13 9.3374e-05 1.08654e-11 0.216933 1.92626e-10 0.00118 0.71868 8.10605e-06 3.20367e-05 0.000416715 0.000363016 1.2412e-05 8.8266e-14 1.3609e-06 4.31428e-15 8.94634e-10 1.4853e-06 3.62152e-06 1.72062e-11 3.68459e-17 1.69407e-21 1.94307e-06 3.91554e-07 7.28273e-14 5.64817e-05 4.77838e-14 6.60182e-06 1.66783e-07 2.68086e-06 1.04031e-14 2.71498e-15 1.7693e-05 5.09956e-08 1.86649e-09 4.47104e-07 6.70243e-09 2.93293e-06 0.0621493 1.60845e-11 5.47549e-06 1.19952e-10 2.3676e-05 1.06201e-06 3.09135e-06 1.95759e-06 4.16925e-07 1.37078e-13
-0.00277778  557.132 1.23218e-11 0.000172468 4.45542e-10 0.212195 4.48339e-09 0.00425879 0.717187 3.71672e-05 0.00013182 0.00173132 0.00181859 5.9767e-05 6.58104e-12 6.75257e-06 4.76887e-13 1.84552e-08 8.09335e-06 1.39777e-05 5.89214e-10 8.59985e-15 1.52466e-18 1.02656e-05 3.33866e-06 3.49488e-12 0.000245518 3.71954e-12 2.99622e-05 1.13613e-06 1.48732e-05 1.85042e-12 5.71873e-13 9.76487e-05 3.61461e-07 2.26357e-08 2.53921e-06 6.68894e-08 2.08237e-05 0.0616055 4.87669e-10 5.21405e-05 3.72859e-09 0.000229888 9.05416e-06 3.36267e-05 2.00517e-05 3.14759e-06 1.1951e-11
-0.00138889  715.37 1.06561e-09 0.000304127 2.96561e-08 0.194857 2.04001e-07 0.0139127 0.713624 0.000193585 0.000478316 0.0065916 0.00825538 0.000248181 1.30899e-09 3.01596e-05 6.38357e-11 2.17983e-07 3.9403e-05 4.94985e-05 4.7907e-08 4.82761e-12 1.86006e-14 4.90599e-05 3.70314e-05 1.22046e-08 0.000971196 1.03084e-09 0.000123492 7.67742e-06 7.4127e-05 1.04652e-09 5.69663e-10 0.000485683 3.92486e-06 5.31864e-08 1.29821e-05 8.48442e-07 0.000129579 0.0566289 1.67524e-07 0.000379446 4.12801e-07 0.00197637 2.52295e-05 0.00030735 0.000181376 2.11581e-05 5.82115e-10
0  1153.37 4.30354e-07 0.000492348 3.72389e-06 0.145989 2.13888e-05 0.0375158 0.712076 0.00108287 0.0012725 0.0210532 0.0308378 0.000711606 8.47708e-07 0.000109882 1.86282e-08 1.33131e-06 1.99178e-05 0.000147763 2.1684e-05 1.04694e-08 6.60557e-10 0.000192702 0.000122737 0.000104617 0.0031929 1.11383e-06 0.000421569 6.06549e-05 0.000297312 8.52615e-07 1.80363e-06 0.00196562 7.48192e-05 8.15323e-08 5.38063e-05 1.49849e-06 0.000576325 0.0266342 0.000315671 9.2281e-05 2.56085e-06 0.0131727 8.45557e-08 7.64814e-06 0.00124348 0.000105036 2.75069e-08
0.00138889  1928.82 6.27426e-05 0.000628658 0.000476361 0.0510272 0.00190689 0.076005 0.721282 0.00019286 1.25825e-05 0.0514051 0.0912049 0.000242723 1.84025e-05 0.000114497 5.38201e-06 1.17511e-07 1.39894e-07 0.000107805 0.000133797 1.41106e-05 1.25043e-06 7.90271e-06 1.44179e-06 1.99694e-05 0.0007489 3.53636e-05 0.00130382 5.39932e-06 0.000175764 8.64417e-05 5.05571e-06 0.000151918 9.55095e-05 2.91288e-09 0.000130338 3.98961e-09 0.00014027 9.31819e-05 6.90957e-06 2.62009e-09 5.03839e-10 0.00206762 3.2194e-13 4.68732e-09 8.00386e-05 1.62294e-06 2.17874e-08
0.00277778  2153.98 7.27622e-05 0.000450717 0.000833965 0.0251211 0.00373759 0.0812394 0.720854 3.73056e-05 5.31336e-06 0.0367257 0.130459 1.96146e-05 1.98755e-06 5.99329e-06 9.92811e-07 4.96673e-09 2.03846e-09 5.43632e-06 9.5138e-06 4.62153e-06 2.99344e-07 9.56053e-08 2.93513e-08 6.59199e-07 2.49336e-05 2.41802e-06 0.000137385 1.51859e-07 1.54199e-05 1.1855e-05 6.56101e-08 2.90622e-06 8.34305e-06 4.39648e-11 1.80264e-05 1.044e-11 6.31958e-06 9.93382e-08 6.77632e-09 6.91414e-13 2.20371e-13 0.00018278 1.98375e-18 2.6352e-12 2.93761e-06 1.46072e-08 1.1497e-09
0.00416667  2247.21 5.30562e-05 0.000372302 0.000659932 0.0175828 0.00373776 0.0827383 0.720256 1.71662e-05 3.40427e-06 0.0272779 0.147259 1.67599e-06 2.84773e-07 3.69713e-07 8.62481e-08 3.61886e-10 8.2975e-11 3.37655e-07 7.52166e-07 5.26346e-07 3.036e-08 2.7679e-09 7.65337e-10 4.54562e-08 1.35618e-06 1.50487e-07 1.42753e-05 5.65227e-09 1.58329e-06 1.17194e-06 1.22635e-09 1.2385e-07 7.8053e-07 1.67863e-12 2.50645e-06 9.95298e-14 1.35533e-07 6.66041e-11 4.21085e-12 7.83477e-15 4.51875e-15 1.6041e-05 1.35525e-20 1.49464e-15 1.09933e-07 1.38414e-10 3.9251e-11
0.00555556  2298.41 3.8423e-05 0.000320308 0.000491736 0.0141894 0.00341272 0.0837757 0.719949 1.09082e-05 2.26971e-06 0.0223531 0.155452 1.75919e-07 1.07085e-07 3.06764e-08 8.13365e-09 3.26993e-11 5.63264e-12 3.04193e-08 7.39072e-08 5.6112e-08 3.09536e-09 1.71362e-10 2.3007e-11 3.73768e-09 1.18432e-07 1.1853e-08 1.73689e-06 3.45661e-10 1.99467e-07 1.29933e-07 4.37908e-11 8.60917e-09 7.75267e-08 1.00263e-13 3.73012e-07 2.44254e-15 1.95179e-09 3.46427e-14 4.52119e-14 4.49754e-16 2.28728e-16 1.51812e-06 0 1.00966e-18 4.526e-09 1.48857e-12 1.41833e-12
0.00694444  2330.52 2.92079e-05 0.000282196 0.00038023 0.0122017 0.00310079 0.0845403 0.719785 7.93963e-06 1.63682e-06 0.0194165 0.160254 2.22649e-08 6.33086e-08 3.20645e-09 8.99069e-10 3.53321e-12 5.157e-13 3.60022e-09 8.63967e-09 6.59615e-09 3.56019e-10 1.40266e-11 7.64363e-13 3.41103e-10 1.28163e-08 1.10672e-09 2.40396e-07 2.82507e-11 2.856e-08 1.64748e-08 1.82003e-12 7.33677e-10 8.03722e-09 7.42513e-15 5.76117e-08 7.92653e-17 2.28366e-11 1.97545e-17 3.1214e-15 3.28581e-17 1.39489e-17 1.55754e-07 0 8.47033e-21 2.05092e-10 1.87159e-14 5.71611e-14
0.00833333  2352.41 2.33179e-05 0.000253853 0.000307357 0.0108683 0.00284824 0.0851 0.719686 6.26352e-06 1.26176e-06 0.0174393 0.163466 3.56328e-09 4.3729e-08 3.95155e-10 1.13854e-10 4.41324e-13 5.75666e-14 5.04283e-10 1.15206e-09 8.68367e-10 4.62024e-11 1.31649e-12 2.78754e-14 3.41109e-11 1.54299e-09 1.16116e-10 3.64325e-08 2.75719e-12 4.43404e-09 2.31569e-09 8.33084e-14 7.07379e-11 8.74604e-10 6.31654e-16 9.16258e-09 3.03068e-18 2.98905e-13 3.32037e-19 2.62806e-16 2.81723e-18 1.03169e-18 1.71629e-08 0 0 1.01014e-11 3.01796e-16 2.55149e-15
0.00972222  2368.22 1.93838e-05 0.000232431 0.000257995 0.00990372 0.00264932 0.0855149 0.71962 5.2182e-06 1.02359e-06 0.0159999 0.165796 9.30555e-10 3.26869e-08 5.49085e-11 1.60559e-11 6.24886e-14 7.40524e-15 7.8728e-11 1.69951e-10 1.2585e-10 6.62425e-12 1.36087e-13 1.15196e-15 3.68611e-12 1.99998e-10 1.33479e-11 5.90313e-09 3.06443e-13 7.29284e-10 3.51977e-10 4.15081e-15 7.48807e-12 1.00159e-10 5.99106e-17 1.50056e-09 1.32137e-19 9.56876e-15 2.71051e-20 2.50959e-17 2.72745e-19 8.97855e-20 2.00927e-09 0 0 5.33702e-13 7.48099e-18 1.24229e-16
0.0111111  2380.13 1.66371e-05 0.000215908 0.000223189 0.00917217 0.00249206 0.0858291 0.719574 4.51957e-06 8.6321e-07 0.0149001 0.167572 4.8369e-10 2.57705e-08 8.35429e-12 2.47273e-12 1.02847e-14 1.05967e-15 1.32653e-11 2.71324e-11 1.97011e-11 1.02834e-12 1.51723e-14 5.84148e-17 4.24928e-13 2.75651e-11 1.65799e-12 1.00826e-09 3.78221e-14 1.25554e-10 5.69296e-11 2.23131e-16 8.54439e-13 1.20495e-11 6.21553e-18 2.5319e-10 6.77626e-21 7.40217e-16 3.38813e-21 2.63935e-18 2.87991e-20 8.47033e-21 2.47502e-10 0 0 2.99079e-14 2.9985e-19 6.50352e-18
0.0125  2389.37 1.46444e-05 0.000202901 0.000197759 0.0085993 0.00236629 0.0860724 0.719539 4.02773e-06 7.50002e-07 0.0140326 0.16897 3.73851e-10 2.11457e-08 1.36499e-12 4.1542e-13 2.28465e-15 1.6478e-16 2.36786e-12 4.61481e-12 3.28201e-12 1.702e-13 1.79816e-15 3.9692e-18 5.16966e-14 4.01275e-12 2.20457e-13 1.79894e-10 5.09842e-15 2.24662e-11 9.69328e-12 1.28868e-17 1.03701e-13 1.51705e-12 6.94567e-19 4.40009e-11 0 7.4544e-17 0 2.9985e-19 3.38813e-21 1.69407e-21 3.18203e-11 0 0 1.76124e-15 1.52466e-20 3.6253e-19
0.0138889  2396.73 1.31523e-05 0.000192475 0.00017862 0.00814019 0.00226444 0.0862648 0.719513 3.66723e-06 6.6704e-07 0.0133331 0.170096 3.26749e-10 1.79019e-08 2.36707e-13 8.03075e-14 8.82308e-16 2.74337e-17 4.43015e-13 8.27918e-13 5.75557e-13 2.97006e-14 2.24101e-16 3.60836e-19 6.57993e-15 6.14088e-13 3.11637e-14 3.33139e-11 7.41384e-16 4.15812e-12 1.72402e-12 8.02987e-19 1.3254e-14 1.99041e-13 8.30092e-20 7.86793e-12 0 8.28568e-18 0 3.55754e-20 0 0 4.24161e-12 0 0 1.08186e-16 1.69407e-21 2.20229e-20
0.0152778  2402.68 1.20057e-05 0.00018399 0.00016386 0.00776575 0.00218101 0.0864194 0.719492 3.39444e-06 6.04392e-07 0.0127597 0.171018 2.96539e-10 1.55405e-08 4.35698e-14 2.15957e-14 5.64561e-16 4.87213e-18 8.67557e-14 1.56588e-13 1.05503e-13 5.42782e-15 2.91244e-17 4.06576e-20 8.70032e-16 9.84227e-14 4.65876e-15 6.37164e-12 1.15152e-16 7.93074e-13 3.18389e-13 5.42101e-20 1.77074e-15 2.71091e-14 1.01644e-20 1.44555e-12 0 9.8764e-19 0 5.0822e-21 0 0 5.83025e-13 0 0 6.89146e-18 0 1.69407e-21
0.0166667  2407.57 1.11056e-05 0.000176995 0.000152245 0.00745618 0.00211197 0.0865456 0.719475 3.18268e-06 5.55925e-07 0.0122836 0.171783 2.73825e-10 1.37694e-08 8.82165e-15 1.01124e-14 4.51531e-16 9.46983e-19 1.82085e-14 3.21104e-14 2.02039e-14 1.041e-15 3.92176e-18 5.0822e-21 1.1883e-16 1.64674e-14 7.33417e-16 1.25358e-12 1.89464e-17 1.55393e-13 6.07619e-14 3.38813e-21 2.4597e-16 3.82088e-15 1.69407e-21 2.72455e-13 0 1.25361e-19 0 0 0 0 8.22647e-14 0 0 4.5401e-19 0 0
0.0180556  2411.63 1.03868e-05 0.000171167 0.000142952 0.00719745 0.00205435 0.0866497 0.719462 3.01485e-06 5.17679e-07 0.0118845 0.172424 2.55806e-10 1.24084e-08 2.26222e-15 7.26327e-15 3.88961e-16 2.25311e-19 4.5377e-15 8.01475e-15 4.12748e-15 2.16485e-16 5.43795e-19 0 1.66882e-17 2.86754e-15 1.21144e-16 2.52849e-13 3.27971e-18 3.11983e-14 1.19355e-14 0 3.53924e-17 5.56043e-16 0 5.25933e-14 0 1.69407e-20 0 0 0 0 1.18708e-14 0 0 3.04932e-20 0 0
0.0194444  2415.04 9.80417e-06 0.000166269 0.000135412 0.00697931 0.00200588 0.0867366 0.719451 2.87957e-06 4.87004e-07 0.011547 0.172965 2.41179e-10 1.13414e-08 9.4103e-16 6.17486e-15 3.45403e-16 8.30092e-20 1.68856e-15 3.07974e-15 9.89367e-16 5.55975e-17 7.7927e-20 0 2.40049e-18 5.18169e-16 2.09234e-17 5.21333e-14 5.92923e-19 6.40752e-15 2.40573e-15 0 5.26346e-18 8.34395e-17 0 1.03807e-14 0 1.69407e-21 0 0 0 0 1.7463e-15 0 0 1.69407e-21 0 0
0.0208333  2417.92 9.3263e-06 0.000162123 0.000129223 0.00679406 0.00196485 0.0868096 0.719442 2.769e-06 4.62064e-07 0.0112599 0.173426 2.29141e-10 1.04908e-08 6.36166e-16 5.53951e-15 3.12345e-16 5.0822e-20 1.04199e-15 1.94616e-15 3.51603e-16 2.26768e-17 1.18585e-20 0 3.52366e-19 9.68785e-17 3.76591e-18 1.09601e-14 1.11808e-19 1.34799e-15 4.96844e-16 0 8.08069e-19 1.29054e-17 0 2.09161e-15 0 0 0 0 0 0 2.61208e-16 0 0 0 0 0
0.0222222  2420.37 8.93034e-06 0.000158591 0.000124093 0.00663582 0.00192994 0.0868715 0.719434 2.67757e-06 4.41555e-07 0.0110142 0.17382 2.19131e-10 9.80314e-09 5.40659e-16 5.07831e-15 2.86356e-16 4.06576e-20 8.61746e-16 1.60714e-15 2.12358e-16 1.5272e-17 1.69407e-21 0 5.2516e-20 1.86839e-17 7.03037e-19 2.34416e-15 2.20229e-20 2.94312e-16 1.05572e-16 0 1.28749e-19 2.05829e-18 0 4.29549e-16 0 0 0 0 0 0 3.96378e-17 0 0 0 0 0
0.0236111  2422.47 8.59947e-06 0.000155568 0.000119805 0.00649999 0.00190009 0.0869241 0.719428 2.60125e-06 4.2453e-07 0.010803 0.174158 2.10738e-10 9.24066e-09 4.93996e-16 4.71589e-15 2.65528e-16 3.55754e-20 7.87913e-16 1.45266e-15 1.76117e-16 1.31714e-17 0 0 8.47033e-21 3.70662e-18 1.35525e-19 5.09089e-16 5.0822e-21 7.06053e-17 2.36797e-17 0 2.03288e-20 3.38813e-19 0 8.97753e-17 0 0 0 0 0 0 6.09017e-18 0 0 0 0 0
0.025  2424.27 8.32108e-06 0.00015297 0.000116197 0.00638295 0.00187448 0.0869692 0.719422 2.53705e-06 4.10287e-07 0.0106209 0.17445 2.03656e-10 8.7761e-09 4.62346e-16 4.42253e-15 2.48608e-16 3.21873e-20 7.43105e-16 1.35256e-15 1.6251e-16 1.22667e-17 0 0 1.69407e-21 7.53859e-19 2.71051e-20 1.12081e-16 1.69407e-21 2.20686e-17 6.18673e-18 0 3.38813e-21 5.75982e-20 0 1.90667e-17 0 0 0 0 0 0 9.45289e-19 0 0 0 0 0
0.0263889  2425.82 8.08565e-06 0.000150733 0.000113146 0.00628187 0.00185246 0.0870079 0.719417 2.48274e-06 3.98301e-07 0.0104635 0.174702 1.97649e-10 8.3895e-09 4.37679e-16 4.1817e-15 2.34726e-16 3.04932e-20 7.09488e-16 1.27611e-15 1.54665e-16 1.16924e-17 0 0 0 1.55854e-19 5.0822e-21 2.4957e-17 0 1.1152e-17 2.35475e-18 0 0 1.01644e-20 0 4.10472e-18 0 0 0 0 0 0 1.49078e-19 0 0 0 0 0
0.0277778  2427.15 7.88601e-06 0.000148805 0.000110559 0.00619463 0.00183351 0.087041 0.719413 2.43667e-06 3.88182e-07 0.0103275 0.17492 1.92543e-10 8.06625e-09 4.17553e-16 3.98249e-15 2.23261e-16 2.87991e-20 6.82255e-16 1.2143e-15 1.48842e-16 1.12503e-17 0 0 0 3.04932e-20 1.69407e-21 5.24483e-18 0 8.43306e-18 1.4569e-18 0 0 1.69407e-21 0 8.40257e-19 0 0 0 0 0 0 2.20229e-20 0 0 0 0 0
0.0305556  2429.24 7.57747e-06 0.000145757 0.00010657 0.00605764 0.00180374 0.0870925 0.719407 2.36566e-06 3.72662e-07 0.0101129 0.175263 1.8463e-10 7.57558e-09 3.87506e-16 3.68371e-15 2.06097e-16 2.5411e-20 6.41468e-16 1.12267e-15 1.40321e-16 1.05947e-17 0 0 0 3.38813e-21 0 6.1664e-19 0 7.33869e-18 1.17907e-18 0 0 0 0 9.31736e-20 0 0 0 0 0 0 1.69407e-21 0 0 0 0 0
0.0333333  2430.85 7.34551e-06 0.000143419 0.000103571 0.0059519 0.00178094 0.0871318 0.719403 2.3121e-06 3.61054e-07 0.00994706 0.175528 1.78654e-10 7.21313e-09 3.65596e-16 3.46605e-15 1.93622e-16 2.37169e-20 6.11478e-16 1.05628e-15 1.34041e-16 1.01102e-17 0 0 0 0 0 9.65618e-20 0 6.87621e-18 1.09606e-18 0 0 0 0 1.01644e-20 0 0 0 0 0 0 0 0 0 0 0 0
0.0388889  2432.92 7.05081e-06 0.000140374 9.97714e-05 0.00581499 0.00175147 0.0871818 0.719399 2.24411e-06 3.46431e-07 0.0097308 0.175872 1.71027e-10 6.76132e-09 3.3862e-16 3.19829e-15 1.78311e-16 2.03288e-20 5.74195e-16 9.75009e-16 1.26172e-16 9.5054e-18 0 0 0 0 0 3.72694e-20 0 6.37308e-18 1.01813e-18 0 0 0 0 0 0 0 0 0 0 0 0 0 0 0 0 0
0.0444444  2434.24 6.86647e-06 0.000138431 9.73961e-05 0.0057272 0.00173272 0.0872135 0.719396 2.20141e-06 3.37333e-07 0.00959185 0.176094 1.66233e-10 6.48338e-09 3.22211e-16 3.03573e-15 1.69036e-16 2.03288e-20 5.51312e-16 9.25861e-16 1.2131e-16 9.13271e-18 0 0 0 0 0 3.21873e-20 0 6.06645e-18 9.707e-19 0 0 0 0 0 0 0 0 0 0 0 0 0 0 0 0 0
0.0555556  2435.51 6.69187e-06 0.000136556 9.51528e-05 0.00564296 0.00171476 0.0872433 0.719394 2.16098e-06 3.28775e-07 0.00945754 0.176307 1.61673e-10 6.22364e-09 3.06999e-16 2.88523e-15 1.60462e-16 1.86347e-20 5.29926e-16 8.80477e-16 1.16741e-16 8.78204e-18 0 0 0 0 0 3.04932e-20 0 5.78185e-18 9.26654e-19 0 0 0 0 0 0 0 0 0 0 0 0 0 0 0 0 0
0.0722222  2436.22 6.59438e-06 0.000135495 9.39024e-05 0.00559532 0.00170465 0.0872598 0.719393 2.13837e-06 3.24018e-07 0.00938121 0.176427 1.59116e-10 6.08e-09 2.98637e-16 2.80264e-15 1.55763e-16 1.69407e-20 5.18094e-16 8.5561e-16 1.14205e-16 8.58722e-18 0 0 0 0 0 3.04932e-20 0 5.6243e-18 9.02937e-19 0 0 0 0 0 0 0 0 0 0 0 0 0 0 0 0 0
0.0972222  2436.53 6.55287e-06 0.00013504 9.33707e-05 0.00557492 0.00170032 0.0872669 0.719393 2.12873e-06 3.21999e-07 0.00934838 0.176479 1.58025e-10 6.01913e-09 2.95105e-16 2.76777e-15 1.53781e-16 1.69407e-20 5.13077e-16 8.45119e-16 1.13126e-16 8.5059e-18 0 0 0 0 0 2.87991e-20 0 5.55823e-18 8.91079e-19 0 0 0 0 0 0 0 0 0 0 0 0 0 0 0 0 0
0.134722  2436.62 6.53991e-06 0.000134897 9.32049e-05 0.00556855 0.00169897 0.087269 0.719393 2.12573e-06 3.2137e-07 0.00933808 0.176496 1.57683e-10 6.00016e-09 2.94005e-16 2.75692e-15 1.53164e-16 1.69407e-20 5.11511e-16 8.41854e-16 1.12791e-16 8.4788e-18 0 0 0 0 0 2.87991e-20 0 5.53621e-18 8.89385e-19 0 0 0 0 0 0 0 0 0 0 0 0 0 0 0 0 0
0.190972  2436.64 6.53703e-06 0.000134866 9.31682e-05 0.00556714 0.00169867 0.0872695 0.719393 2.12506e-06 3.2123e-07 0.00933579 0.176499 1.57607e-10 5.99595e-09 2.93761e-16 2.75451e-15 1.53027e-16 1.69407e-20 5.11162e-16 8.41129e-16 1.12715e-16 8.47372e-18 0 0 0 0 0 2.87991e-20 0 5.53282e-18 8.87691e-19 0 0 0 0 0 0 0 0 0 0 0 0 0 0 0 0 0
0.275347  2436.65 6.53659e-06 0.000134861 9.31625e-05 0.00556692 0.00169862 0.0872696 0.719393 2.12496e-06 3.21209e-07 0.00933544 0.1765 1.57596e-10 5.9953e-09 2.93724e-16 2.75414e-15 1.53006e-16 1.69407e-20 5.1111e-16 8.41017e-16 1.12705e-16 8.47202e-18 0 0 0 0 0 2.87991e-20 0 5.53113e-18 8.87691e-19 0 0 0 0 0 0 0 0 0 0 0 0 0 0 0 0 0
0.40191  2436.65 6.53654e-06 0.00013486 9.31619e-05 0.00556689 0.00169862 0.0872696 0.719393 2.12495e-06 3.21207e-07 0.0093354 0.1765 1.57594e-10 5.99523e-09 2.93719e-16 2.7541e-15 1.53003e-16 1.69407e-20 5.11103e-16 8.41005e-16 1.12703e-16 8.47202e-18 0 0 0 0 0 2.87991e-20 0 5.53113e-18 8.87691e-19 0 0 0 0 0 0 0 0 0 0 0 0 0 0 0 0 0
0.591753  2436.65 6.53654e-06 0.00013486 9.31619e-05 0.00556689 0.00169862 0.0872696 0.719393 2.12494e-06 3.21206e-07 0.0093354 0.1765 1.57594e-10 5.99523e-09 2.93719e-16 2.7541e-15 1.53003e-16 1.69407e-20 5.11103e-16 8.41005e-16 1.12703e-16 8.47202e-18 0 0 0 0 0 2.87991e-20 0 5.53113e-18 8.87691e-19 0 0 0 0 0 0 0 0 0 0 0 0 0 0 0 0 0
0.876519  2436.65 6.53654e-06 0.00013486 9.31619e-05 0.00556689 0.00169862 0.0872696 0.719393 2.12494e-06 3.21206e-07 0.0093354 0.1765 1.57594e-10 5.99523e-09 2.93719e-16 2.7541e-15 1.53003e-16 1.69407e-20 5.11103e-16 8.41005e-16 1.12703e-16 8.47202e-18 0 0 0 0 0 2.87991e-20 0 5.53113e-18 8.87691e-19 0 0 0 0 0 0 0 0 0 0 0 0 0 0 0 0 0
1.30367  2436.65 6.53654e-06 0.00013486 9.31619e-05 0.00556689 0.00169862 0.0872696 0.719393 2.12494e-06 3.21206e-07 0.0093354 0.1765 1.57594e-10 5.99523e-09 2.93719e-16 2.7541e-15 1.53003e-16 1.69407e-20 5.11103e-16 8.41005e-16 1.12703e-16 8.47202e-18 0 0 0 0 0 2.87991e-20 0 5.53113e-18 8.87691e-19 0 0 0 0 0 0 0 0 0 0 0 0 0 0 0 0 0
