TITLE="Graphics"
VARIABLES= "x", "T", "Y_H", "Y_H2", "Y_O", "Y_O2", "Y_OH", "Y_H2O", "Y_N2", "Y_HO2", "Y_H2O2", "Y_CO", "Y_CO2", "Y_CH2O", "Y_HCO", "Y_CH3OH", "Y_CH2OH", "Y_CH3O", "Y_CH3O2", "Y_CH4", "Y_CH3", "Y_CH2", "Y_CH2(S)", "Y_C2H6", "Y_C2H5O2", "Y_C2H5", "Y_C2H4", "Y_C2H3", "Y_C2H2", "Y_CH2CHO", "Y_CH2CO", "Y_HCCO", "Y_NC3H7", "Y_C3H6", "Y_C3H5-A", "Y_C3H5O", "Y_C3H4-A", "Y_NC3H7O2", "Y_C2H3CHO", "Y_NC7H16", "Y_C7H15", "Y_C7H15O2", "Y_C7H14OOH", "Y_C7H14", "Y_C7H14OOHO2", "Y_NC7KET", "Y_C7H14O", "Y_NC3H7CHO", "Y_NC3H7CO"
-0.193924  500 0 0 0 0.218435 0 0 0.719386 0 0 0 0 0 0 0 0 0 0 0 0 0 0 0 0 0 0 0 0 0 0 0 0 0 0 0 0 0 0 0.0621786 0 0 0 0 0 0 0 0 0
-0.151736  500 0 1.95293e-11 0 0.218435 8.47033e-21 1.31758e-14 0.719386 5.95515e-16 7.01784e-17 4.902e-16 6.61922e-17 3.27971e-18 0 1.25361e-19 0 0 2.37169e-20 2.3412e-17 0 0 0 8.30092e-20 0 0 8.90486e-17 0 5.84453e-19 0 2.0837e-19 0 0 9.02937e-19 1.69407e-21 0 1.18585e-20 0 1.69407e-20 0.0621786 1.69407e-21 1.28983e-15 1.86347e-20 9.53759e-19 1.37284e-15 3.3423e-15 2.57498e-19 1.18585e-20 0
-0.123611  500 0 1.54898e-10 0 0.218435 1.52466e-20 2.72186e-13 0.719386 1.08507e-15 1.63332e-15 1.23122e-14 2.09089e-15 1.00812e-16 0 3.9387e-18 0 0 5.60736e-19 5.36958e-16 0 0 0 2.80876e-18 6.77626e-21 0 2.3715e-15 0 1.64019e-17 0 7.22689e-18 0 0 3.20128e-17 3.21873e-20 0 4.38763e-19 0 8.21622e-19 0.0621786 1.69407e-21 2.05725e-15 2.87991e-20 2.0549e-18 2.41888e-15 7.25808e-15 5.35325e-19 3.89635e-20 0
-0.104861  500 0 8.10525e-10 0 0.218435 2.03288e-20 3.82299e-12 0.719386 2.94292e-15 2.71224e-14 2.05012e-13 4.38288e-14 2.05612e-15 0 8.19149e-17 0 0 1.22718e-17 8.16083e-15 0 0 0 6.27177e-17 2.10064e-19 0 4.18805e-14 0 3.05442e-16 0 1.71062e-16 0 0 7.53316e-16 7.65718e-19 0 1.06625e-17 1.69407e-21 2.60564e-17 0.0621786 1.69407e-21 2.58087e-15 3.72694e-20 6.89654e-18 3.15478e-15 1.06732e-14 9.28348e-19 4.74338e-19 0
-0.0861111  500 0 4.75211e-09 0 0.218435 2.71051e-20 6.30439e-11 0.719386 3.48394e-14 5.32918e-13 4.01276e-12 1.08466e-12 4.94863e-14 0 2.01119e-15 0 0 3.26477e-16 1.45503e-13 0 0 0 1.65481e-15 7.11338e-18 0 8.70458e-13 0 6.70096e-15 0 4.79873e-15 0 0 2.09663e-14 2.16993e-17 0 3.07058e-16 5.0822e-20 9.811e-16 0.0621786 3.38813e-21 3.54729e-15 5.0822e-20 2.20876e-16 4.31069e-15 1.55583e-14 1.04541e-17 1.73794e-17 0
-0.0611111  500 0 4.07374e-08 0 0.218435 1.21973e-19 1.58646e-09 0.719386 1.00267e-12 1.60364e-11 1.20209e-10 4.12286e-11 1.82865e-12 0 7.58343e-14 0 0 1.33804e-14 3.96369e-12 0 0 0 6.71166e-14 3.71854e-16 0 2.77169e-11 0 2.2541e-13 2.03288e-20 2.07112e-13 0 0 8.97582e-13 9.46365e-16 0 1.36066e-14 3.16113e-18 5.69958e-14 0.0621786 1.86347e-20 1.90354e-14 2.69356e-19 1.78229e-14 1.92681e-14 4.58539e-14 8.1944e-16 1.0722e-15 0
-0.0527778  500 0 1.06171e-07 0 0.218435 3.37119e-19 9.17194e-09 0.719386 6.72241e-12 1.07776e-10 8.0482e-10 3.39332e-10 1.46819e-11 0 6.19754e-13 0 0 1.17722e-13 2.44854e-11 0 0 0 5.84993e-13 4.07143e-15 0 1.95532e-10 0 1.66739e-12 1.60597e-18 1.90789e-12 0 0 8.20866e-12 8.79951e-15 0 1.28331e-13 4.0661e-17 6.8722e-13 0.0621786 8.30092e-20 6.72329e-14 9.50371e-19 2.96368e-13 5.30475e-14 1.04207e-13 1.43709e-14 1.3707e-14 0
-0.0444444  500 0 3.17361e-07 0 0.218435 2.50722e-18 6.96199e-08 0.719386 6.01302e-11 9.68105e-10 7.19759e-09 3.8089e-09 1.60393e-10 0 6.90301e-12 0 1.69407e-21 1.42092e-12 2.00194e-10 6.77626e-21 0 0 6.98941e-12 6.22086e-14 0 1.85294e-09 0 1.66491e-11 7.72748e-17 2.4205e-11 0 0 1.03327e-10 1.12771e-13 1.52466e-20 1.67015e-12 7.37522e-16 1.16384e-11 0.0621786 6.96261e-19 5.44103e-13 7.68767e-18 7.05024e-12 3.93927e-13 1.05346e-12 3.62515e-13 2.47052e-13 0
-0.0388889  500.002 0 7.19506e-07 0 0.218435 1.83738e-17 3.4395e-07 0.719385 3.431e-10 5.54603e-09 4.10715e-08 2.66286e-08 1.09428e-09 0 4.7925e-11 0 9.65618e-20 1.06084e-11 1.05552e-09 5.2516e-20 0 0 5.17018e-11 5.76243e-13 0 1.11311e-08 0 1.04789e-10 2.10408e-15 1.8908e-10 0 0 8.01398e-10 8.89066e-13 7.7927e-19 1.33532e-11 8.00968e-15 1.18574e-10 0.0621787 4.2826e-18 3.66859e-12 5.18367e-17 9.87808e-11 2.85013e-12 1.3097e-11 5.37068e-12 2.66717e-12 0
-0.0333333  500.012 6.77626e-21 1.71884e-06 2.37169e-20 0.218433 2.50408e-16 1.89279e-06 0.719384 2.19794e-09 3.56941e-08 2.63233e-07 2.11296e-07 8.46352e-09 1.69407e-21 3.77515e-10 0 7.35902e-18 9.01726e-11 6.22283e-09 5.09914e-19 0 0 4.35233e-10 6.13363e-12 8.47033e-21 7.53133e-08 0 7.44663e-10 5.24811e-14 1.68502e-09 0 0 7.08871e-09 7.99999e-12 4.91601e-17 1.21921e-10 1.00542e-13 1.39298e-09 0.0621788 3.76201e-17 4.28531e-11 6.05747e-16 1.61217e-09 3.81115e-11 2.25487e-10 9.28275e-11 3.32709e-11 0
-0.0277778  500.083 4.0827e-19 4.20215e-06 1.62122e-18 0.218425 4.28934e-15 1.06369e-05 0.719376 1.43589e-08 2.34224e-07 1.72021e-06 1.70563e-06 6.66096e-08 6.94567e-20 3.02543e-09 0 5.81258e-16 7.79291e-10 3.7439e-08 9.19539e-18 0 0 3.72487e-09 6.62653e-11 1.20279e-19 5.19273e-07 4.06576e-20 5.38974e-09 1.30738e-12 1.52572e-08 1.69407e-21 3.38813e-21 6.37132e-08 7.31557e-11 3.25284e-15 1.13076e-09 1.2789e-12 1.65797e-08 0.0621793 4.49929e-16 6.75354e-10 9.56926e-15 2.65783e-08 6.299e-10 4.04024e-09 1.61996e-09 4.20244e-10 3.38813e-21
-0.0222222  500.554 2.34357e-17 1.03713e-05 1.16526e-16 0.218371 8.21432e-14 5.9981e-05 0.719345 9.42182e-08 1.54103e-06 1.1272e-05 1.37931e-05 5.25198e-07 4.97208e-18 2.42899e-08 9.31736e-20 4.59675e-14 6.75244e-09 2.25953e-07 4.20423e-16 0 0 3.19298e-08 7.20361e-10 3.23736e-18 3.58906e-06 2.8833e-18 3.9097e-08 3.25711e-11 1.38341e-07 1.88041e-19 4.74338e-20 5.73475e-07 6.71435e-10 2.18374e-13 1.05012e-08 1.63658e-11 1.97473e-07 0.0621804 7.1352e-15 1.23737e-08 1.78108e-13 4.38245e-07 1.09598e-08 7.28257e-08 2.82729e-08 5.31115e-09 9.41901e-19
-0.0166667  503.687 1.37685e-15 2.56664e-05 1.03775e-14 0.218021 1.88059e-12 0.000337619 0.719199 6.2408e-07 1.01189e-05 7.37432e-05 0.000111311 4.13118e-06 4.09258e-16 1.94576e-07 1.86635e-17 3.59426e-12 5.87613e-08 1.36165e-06 2.87067e-14 8.47033e-21 0 2.73118e-07 8.07942e-09 2.03371e-16 2.47606e-05 2.29646e-16 2.83057e-07 8.12332e-10 1.25142e-06 3.93921e-17 4.8518e-18 5.15013e-06 6.25201e-09 1.42399e-11 9.73001e-08 2.16263e-10 2.34573e-06 0.0621716 1.53902e-13 2.40606e-07 3.84088e-12 7.20567e-06 1.83964e-07 1.3103e-06 4.9201e-07 6.69443e-08 2.82682e-16
-0.0111111  524.143 9.26402e-14 6.30793e-05 1.73804e-12 0.215751 7.29988e-11 0.00187022 0.718509 4.36813e-06 6.53981e-05 0.000475994 0.000884808 3.19404e-05 6.0353e-14 1.53355e-06 5.96142e-15 2.63865e-10 5.22943e-07 8.09629e-06 2.46258e-12 1.05354e-17 0 2.30068e-06 1.07849e-07 2.09569e-14 0.000168341 3.40056e-14 2.01898e-06 2.04441e-08 1.11356e-05 1.47977e-14 2.50219e-15 4.55242e-05 6.4373e-08 7.269e-10 8.87238e-07 3.41552e-09 2.73766e-05 0.0619208 6.63099e-12 4.63587e-06 1.38819e-10 0.000116345 2.62936e-06 2.30721e-05 8.40483e-06 8.29107e-07 1.04633e-13
-0.00555556  644.739 1.90394e-11 0.000148076 7.21192e-10 0.20241 1.22328e-08 0.00950082 0.715914 3.96452e-05 0.000386562 0.00285414 0.00648013 0.000224537 5.10456e-11 1.10701e-05 5.03736e-12 1.37137e-08 5.06244e-06 4.47273e-05 7.48141e-10 4.08241e-14 4.84757e-17 1.78366e-05 2.55123e-06 1.00467e-10 0.00105696 3.90089e-11 1.32806e-05 5.57119e-07 9.06695e-05 3.17299e-11 1.02066e-11 0.000369333 1.1061e-06 8.71356e-09 7.41994e-06 9.47522e-08 0.000290426 0.0578422 3.59131e-09 7.7471e-05 3.08895e-08 0.00170466 1.36872e-05 0.000353067 0.000130033 9.34376e-06 4.00806e-11
0  1153.37 7.30027e-08 0.000304221 7.21343e-07 0.145044 5.84274e-06 0.0373493 0.715495 0.000598928 0.00162843 0.0136345 0.0370696 0.00113902 3.05977e-07 6.14811e-05 7.07971e-09 2.79333e-07 7.28348e-06 0.000197838 7.96795e-06 5.87018e-10 5.61636e-11 0.000107736 2.96228e-05 2.49711e-05 0.005222 4.62268e-07 6.84706e-05 2.5829e-05 0.000565202 2.16393e-07 4.74102e-07 0.00230921 5.84988e-05 3.50111e-08 4.77406e-05 3.92828e-07 0.00226194 0.0165445 4.99682e-05 1.45423e-05 4.03561e-07 0.0185746 1.2727e-08 1.02186e-06 0.00147739 6.97691e-05 7.09635e-09
0.00555556  2227.66 4.95444e-05 0.000373938 0.000567486 0.0184834 0.00339371 0.0821372 0.720434 2.15713e-05 3.38919e-06 0.0253878 0.148646 1.89229e-05 1.36188e-06 3.92151e-06 9.54573e-07 4.76145e-09 1.373e-09 3.81345e-06 1.04929e-05 4.15696e-06 2.5168e-07 1.16475e-07 6.62399e-08 9.46785e-07 3.90895e-05 2.92032e-06 0.000148106 1.2923e-07 1.75512e-05 1.11478e-05 6.50845e-07 4.6605e-06 1.06683e-05 3.05106e-11 2.58332e-05 5.97606e-11 5.24964e-06 1.15954e-06 3.84007e-08 3.42772e-12 1.24617e-12 0.000184032 1.87047e-15 5.45878e-11 5.87662e-06 6.55608e-08 2.06996e-09
0.0111111  2354.49 1.80863e-05 0.000223884 0.000239041 0.00973604 0.00252348 0.0854937 0.719788 5.12663e-06 9.89401e-07 0.0153341 0.166628 3.4503e-07 4.0115e-08 4.56729e-08 1.2678e-08 4.98417e-11 6.46599e-12 6.85565e-08 1.44887e-07 7.91136e-08 4.15751e-09 2.37925e-10 2.15559e-10 4.45119e-09 2.72544e-07 1.69476e-08 4.08755e-06 3.44403e-10 4.88059e-07 2.3239e-07 3.60861e-10 1.60505e-08 1.2696e-07 7.58099e-14 1.06637e-06 1.17764e-14 4.48578e-09 4.32189e-11 1.02378e-12 4.33906e-16 7.70258e-16 2.45131e-06 1.69407e-21 3.03463e-15 3.26955e-08 8.96722e-11 7.45622e-12
0.0166667  2393.5 1.04862e-05 0.000171211 0.000143105 0.00727872 0.00202818 0.0865619 0.719562 3.07022e-06 5.4526e-07 0.0118135 0.172427 9.21506e-09 1.29611e-08 9.08951e-10 2.56624e-10 9.78275e-13 1.01711e-13 1.93239e-09 3.39825e-09 1.88605e-09 9.59062e-11 1.98574e-12 7.84999e-13 5.60265e-11 4.17382e-09 2.03162e-10 1.28227e-07 3.34865e-12 1.52927e-08 5.9598e-09 1.36667e-12 1.41418e-10 1.75829e-09 6.14534e-16 3.85946e-08 2.96699e-17 2.89778e-12 1.32249e-15 3.57329e-16 3.73033e-18 5.05001e-18 4.02771e-08 0 1.72795e-19 2.27442e-10 1.56475e-13 4.01899e-14
0.0222222  2409.46 7.96485e-06 0.000149202 0.000110356 0.00625986 0.00180865 0.0869951 0.71947 2.45429e-06 4.07011e-07 0.0103113 0.174885 4.76762e-10 8.33932e-09 2.56126e-11 7.21386e-12 2.75894e-14 2.57688e-15 6.6193e-11 1.04498e-10 5.67314e-11 2.85308e-12 2.97235e-14 3.00719e-15 9.08445e-13 9.24185e-11 3.7558e-12 4.37684e-09 6.18981e-14 5.12162e-10 1.82045e-10 9.42221e-15 2.029e-12 2.93659e-11 8.15693e-18 1.36167e-09 1.67713e-19 2.322e-15 4.06576e-20 4.49605e-18 5.0822e-20 4.40457e-20 7.38669e-10 0 0 1.77649e-12 3.17548e-16 2.7649e-16
0.0277778  2416.77 6.93802e-06 0.000139065 9.69876e-05 0.00578535 0.00170768 0.0871906 0.719427 2.20632e-06 3.52565e-07 0.00960658 0.176037 1.7712e-10 6.71756e-09 8.35592e-13 2.36862e-13 1.06374e-15 7.95703e-17 2.39555e-12 3.55983e-12 1.89307e-12 9.48021e-14 5.28247e-16 1.20431e-17 1.65899e-14 2.40691e-12 8.61761e-14 1.54315e-10 1.53711e-15 1.77814e-11 6.06177e-12 7.37749e-17 3.61002e-14 5.55171e-13 1.38913e-19 4.74632e-11 1.69407e-21 1.23701e-17 0 7.45389e-20 0 0 1.43137e-11 0 0 1.47027e-14 7.6233e-19 2.14977e-18
0.0333333  2420.29 6.47216e-06 0.000134163 9.09345e-05 0.00555403 0.00165927 0.0872838 0.719407 2.09331e-06 3.28301e-07 0.00926198 0.1766 1.55999e-10 6.02259e-09 2.90299e-14 1.07756e-14 1.83145e-16 2.67662e-18 8.75504e-14 1.25899e-13 6.57673e-14 3.29001e-15 1.01102e-17 5.42101e-20 3.21552e-16 6.87743e-14 2.25476e-15 5.4869e-12 4.44133e-17 6.2679e-13 2.09433e-13 6.13252e-19 7.1909e-16 1.13593e-14 3.38813e-21 1.637e-12 0 2.1684e-19 0 1.69407e-21 0 0 2.85112e-13 0 0 1.25258e-16 1.69407e-21 1.69407e-20
0.0388889  2422.04 6.24848e-06 0.000131728 8.8035e-05 0.00543889 0.00163543 0.0873296 0.719397 2.03882e-06 3.16767e-07 0.00908995 0.176881 1.4999e-10 5.69783e-09 1.28771e-15 2.86786e-15 1.43313e-16 1.0842e-19 3.61329e-15 5.19262e-15 2.40322e-15 1.2243e-16 2.01594e-19 0 6.42898e-18 2.08475e-15 6.44135e-17 1.94794e-13 1.39083e-18 2.21683e-14 7.33106e-15 5.0822e-21 1.54211e-17 2.46759e-16 0 5.59351e-14 0 5.0822e-21 0 0 0 0 5.75833e-15 0 0 1.08251e-18 0 0
0.0444444  2422.92 6.13671e-06 0.000130489 8.65905e-05 0.00538058 0.00162337 0.0873524 0.719393 2.01159e-06 3.11044e-07 0.00900217 0.177023 1.47126e-10 5.53774e-09 3.05486e-16 2.5074e-15 1.37201e-16 1.86347e-20 5.67338e-16 8.87508e-16 1.68805e-16 1.07675e-17 3.38813e-21 0 1.23667e-19 6.0385e-17 1.7974e-18 6.23636e-15 4.23516e-20 7.14738e-16 2.33717e-16 0 3.28649e-19 5.31767e-18 0 1.74727e-15 0 0 0 0 0 0 1.11095e-16 0 0 8.47033e-21 0 0
0.0555556  2423.51 6.06128e-06 0.000129639 8.56215e-05 0.00534131 0.00161521 0.0873672 0.71939 1.99332e-06 3.07217e-07 0.00894193 0.177121 1.45186e-10 5.43041e-09 2.67817e-16 2.43847e-15 1.3378e-16 1.52466e-20 4.59512e-16 7.31201e-16 9.47644e-17 7.02699e-18 0 0 1.69407e-21 8.43645e-19 2.37169e-20 9.22809e-17 0 1.52906e-17 4.16571e-18 0 3.38813e-21 5.75982e-20 0 2.56058e-17 0 0 0 0 0 0 1.03846e-18 0 0 0 0 0
0.0722222  2423.72 6.03438e-06 0.000129334 8.52772e-05 0.0053273 0.0016123 0.0873724 0.71939 1.98682e-06 3.0586e-07 0.00892014 0.177155 1.4449e-10 5.3922e-09 2.65131e-16 2.41697e-15 1.32578e-16 1.52466e-20 4.54938e-16 7.2287e-16 9.3072e-17 6.92534e-18 0 0 0 8.47033e-21 0 8.91079e-19 0 4.83486e-18 7.6233e-19 0 0 0 0 2.40557e-19 0 0 0 0 0 0 6.77626e-21 0 0 0 0 0
0.0972222  2423.77 6.02769e-06 0.000129257 8.51919e-05 0.00532383 0.00161157 0.0873736 0.719389 1.9852e-06 3.05524e-07 0.00891468 0.177164 1.44316e-10 5.3827e-09 2.64574e-16 2.41165e-15 1.32279e-16 1.52466e-20 4.54149e-16 7.21288e-16 9.2906e-17 6.91348e-18 0 0 0 0 0 2.87991e-20 0 4.72814e-18 7.28448e-19 0 0 0 0 1.69407e-21 0 0 0 0 0 0 0 0 0 0 0 0
0.134722  2423.78 6.02656e-06 0.000129244 8.51775e-05 0.00532325 0.00161145 0.0873738 0.719389 1.98493e-06 3.05467e-07 0.00891375 0.177166 1.44286e-10 5.38109e-09 2.64481e-16 2.41075e-15 1.32229e-16 1.52466e-20 4.54018e-16 7.21023e-16 9.28789e-17 6.91179e-18 0 0 0 0 0 2.37169e-20 0 4.72475e-18 7.28448e-19 0 0 0 0 0 0 0 0 0 0 0 0 0 0 0 0 0
0.190972  2423.78 6.02656e-06 0.000129244 8.51775e-05 0.00532325 0.00161145 0.0873738 0.719389 1.98493e-06 3.05467e-07 0.00891375 0.177166 1.44286e-10 5.38109e-09 2.64481e-16 2.41075e-15 1.32229e-16 1.52466e-20 4.54018e-16 7.21023e-16 9.28789e-17 6.91179e-18 0 0 0 0 0 2.37169e-20 0 4.72475e-18 7.28448e-19 0 0 0 0 0 0 0 0 0 0 0 0 0 0 0 0 0
0.275347  2423.78 6.02656e-06 0.000129244 8.51775e-05 0.00532325 0.00161145 0.0873738 0.719389 1.98493e-06 3.05467e-07 0.00891375 0.177166 1.44286e-10 5.38109e-09 2.64481e-16 2.41075e-15 1.32229e-16 1.52466e-20 4.54018e-16 7.21023e-16 9.28789e-17 6.91179e-18 0 0 0 0 0 2.37169e-20 0 4.72475e-18 7.28448e-19 0 0 0 0 0 0 0 0 0 0 0 0 0 0 0 0 0
